0 0.1234375000 0.1548611111 0.0257812500 0.0180555556
0 0.6695312500 0.1520833333 0.0257812500 0.0083333333
0 0.2169921875 0.1552083333 0.0136718750 0.0118055556
0 0.2435546875 0.1552083333 0.0207031250 0.0104166667
0 0.2734375000 0.1552083333 0.0148437500 0.0104166667
0 0.3064453125 0.1572916667 0.0332031250 0.0159722222
0 0.4125000000 0.1572916667 0.0500000000 0.0159722222
0 0.4878906250 0.1517361111 0.0093750000 0.0048611111
0 0.3468750000 0.1597222222 0.0296875000 0.0166666667
0 0.4710937500 0.1576388889 0.0109375000 0.0083333333
0 0.8460937500 0.3506944444 0.0343750000 0.0138888889
0 0.4998046875 0.3614583333 0.0410156250 0.0131944444
0 0.4148437500 0.3628472222 0.0343750000 0.0118055556
0 0.2447265625 0.3750000000 0.0761718750 0.0305555556
0 0.7445312500 0.4496527778 0.0562500000 0.0465277778
0 0.8228515625 0.4454861111 0.0410156250 0.0354166667
0 0.8785156250 0.4444444444 0.0476562500 0.0319444444
0 0.4535156250 0.4329861111 0.0085937500 0.0048611111
0 0.6039062500 0.4329861111 0.0109375000 0.0062500000
0 0.7195312500 0.4329861111 0.0164062500 0.0062500000
0 0.2906250000 0.4378472222 0.0164062500 0.0131944444
0 0.4146484375 0.4472222222 0.0582031250 0.0208333333
0 0.5136718750 0.4493055556 0.0429687500 0.0222222222
0 0.6306640625 0.4628472222 0.0636718750 0.0340277778
0 0.7095703125 0.4527777778 0.0152343750 0.0111111111
0 0.3402343750 0.4583333333 0.0554687500 0.0208333333
0 0.5673828125 0.4628472222 0.0558593750 0.0256944444
0 0.4589843750 0.4635416667 0.0429687500 0.0229166667
0 0.2224609375 0.4673611111 0.0105468750 0.0083333333
0 0.3763671875 0.4763888889 0.0191406250 0.0166666667
0 0.4343750000 0.4777777778 0.0203125000 0.0111111111
0 0.5324218750 0.4885416667 0.0210937500 0.0131944444
