0 0.7242187500 0.3267361111 0.0218750000 0.0173611111
0 0.8712890625 0.3569444444 0.0972656250 0.0666666667
0 0.7537109375 0.3309027778 0.0277343750 0.0131944444
0 0.7984375000 0.3305555556 0.0140625000 0.0125000000
0 0.6302734375 0.3347222222 0.0402343750 0.0152777778
0 0.7031250000 0.3361111111 0.0078125000 0.0069444444
0 0.5603515625 0.3392361111 0.0347656250 0.0104166667
0 0.2835937500 0.3541666667 0.0796875000 0.0319444444
0 0.4914062500 0.3423611111 0.0125000000 0.0069444444
0 0.4554687500 0.3444444444 0.0406250000 0.0097222222
0 0.5271484375 0.3743055556 0.0207031250 0.0152777778
0 0.4726562500 0.3861111111 0.0710937500 0.0263888889
0 0.7992187500 0.3878472222 0.0414062500 0.0187500000
0 0.4185546875 0.4052083333 0.0246093750 0.0215277778
0 0.4861328125 0.4045138889 0.0175781250 0.0090277778
0 0.7119140625 0.4142361111 0.0332031250 0.0173611111
0 0.7765625000 0.4364583333 0.0523437500 0.0423611111
0 0.8910156250 0.4322916667 0.0578125000 0.0229166667
0 0.3748046875 0.4434027778 0.0332031250 0.0256944444
0 0.6929687500 0.4520833333 0.1398437500 0.0375000000
0 0.5109375000 0.4586805556 0.2257812500 0.0451388889
0 0.5527343750 0.4482638889 0.0171875000 0.0118055556
0 0.8835937500 0.4951388889 0.0156250000 0.0097222222
0 0.2583984375 0.4958333333 0.0144531250 0.0083333333
