0 0.9046875000 0.1631944444 0.0304687500 0.0166666667
0 0.7947265625 0.1652777778 0.1402343750 0.0180555556
0 0.8781250000 0.3593750000 0.0835937500 0.0243055556
0 0.2361328125 0.3673611111 0.0144531250 0.0097222222
0 0.7611328125 0.4354166667 0.0136718750 0.0111111111
0 0.7189453125 0.4524305556 0.0472656250 0.0409722222
0 0.7613281250 0.4562500000 0.0468750000 0.0347222222
0 0.4759765625 0.4552083333 0.0730468750 0.0298611111
0 0.8250000000 0.4548611111 0.0546875000 0.0277777778
0 0.6166015625 0.4541666667 0.0269531250 0.0180555556
0 0.6742187500 0.4524305556 0.0187500000 0.0131944444
0 0.5585937500 0.4572916667 0.0234375000 0.0201388889
0 0.6556640625 0.4736111111 0.0347656250 0.0152777778
0 0.5453125000 0.4812500000 0.0117187500 0.0097222222
0 0.8675781250 0.4826388889 0.0125000000 0.0055555556
0 0.2541015625 0.4972222222 0.0097656250 0.0055555556
0 0.9080078125 0.4968750000 0.0238281250 0.0062500000
