0 0.2318359375 0.1225694444 0.0105468750 0.0048611111
0 0.2623046875 0.1225694444 0.0113281250 0.0048611111
0 0.8455078125 0.2173611111 0.0121093750 0.0083333333
0 0.2691406250 0.2402777778 0.0757812500 0.0319444444
0 0.4632812500 0.2319444444 0.0250000000 0.0138888889
0 0.5136718750 0.2305555556 0.0242187500 0.0083333333
0 0.4062500000 0.2465277778 0.0492187500 0.0305555556
0 0.1390625000 0.2777777778 0.0140625000 0.0111111111
0 0.8453125000 0.3031250000 0.0242187500 0.0215277778
0 0.7310546875 0.3013888889 0.0144531250 0.0125000000
0 0.4968750000 0.3260416667 0.0687500000 0.0326388889
0 0.5605468750 0.3277777778 0.0210937500 0.0097222222
0 0.6519531250 0.3378472222 0.1375000000 0.0243055556
0 0.8552734375 0.3656250000 0.0394531250 0.0229166667
0 0.7076171875 0.4739583333 0.0316406250 0.0118055556
0 0.4822265625 0.4930555556 0.0238281250 0.0138888889
