0 0.8507812500 0.2208333333 0.0203125000 0.0152777778
0 0.4291015625 0.2322916667 0.0230468750 0.0076388889
0 0.3847656250 0.2347222222 0.0132812500 0.0083333333
0 0.2480468750 0.2371527778 0.0109375000 0.0090277778
0 0.2175781250 0.2503472222 0.0148437500 0.0076388889
0 0.8074218750 0.3003472222 0.0078125000 0.0048611111
0 0.7826171875 0.3250000000 0.1214843750 0.0402777778
0 0.3757812500 0.3159722222 0.0265625000 0.0152777778
0 0.4121093750 0.3142361111 0.0273437500 0.0131944444
0 0.7371093750 0.3142361111 0.0085937500 0.0076388889
0 0.5191406250 0.3215277778 0.0234375000 0.0097222222
0 0.4958984375 0.3447916667 0.0410156250 0.0243055556
0 0.3748046875 0.3416666667 0.0175781250 0.0125000000
0 0.5464843750 0.3465277778 0.0367187500 0.0208333333
0 0.4359375000 0.3583333333 0.0804687500 0.0361111111
0 0.6406250000 0.3513888889 0.0562500000 0.0236111111
0 0.6830078125 0.3506944444 0.0214843750 0.0180555556
0 0.8533203125 0.3711805556 0.0105468750 0.0048611111
0 0.9070312500 0.4159722222 0.0125000000 0.0111111111
0 0.5210937500 0.4298611111 0.0226562500 0.0069444444
0 0.8328125000 0.4826388889 0.0117187500 0.0083333333
0 0.8064453125 0.4947916667 0.0191406250 0.0104166667
