0 0.8457031250 0.3114583333 0.0460937500 0.0145833333
0 0.4015625000 0.3277777778 0.0140625000 0.0125000000
0 0.2544921875 0.3395833333 0.0472656250 0.0291666667
0 0.3730468750 0.3298611111 0.0195312500 0.0069444444
0 0.4232421875 0.3281250000 0.0089843750 0.0048611111
0 0.9125000000 0.3434027778 0.0148437500 0.0118055556
0 0.8494140625 0.4111111111 0.0761718750 0.0513888889
0 0.5359375000 0.3965277778 0.0109375000 0.0083333333
0 0.7408203125 0.4052083333 0.0480468750 0.0256944444
0 0.3333984375 0.4190972222 0.0371093750 0.0215277778
0 0.5556640625 0.4211805556 0.0378906250 0.0187500000
0 0.6505859375 0.4197916667 0.0160156250 0.0104166667
0 0.6929687500 0.4246527778 0.0187500000 0.0145833333
0 0.4808593750 0.4284722222 0.0398437500 0.0194444444
0 0.6144531250 0.4246527778 0.0187500000 0.0118055556
0 0.4050781250 0.4319444444 0.0445312500 0.0236111111
0 0.2296875000 0.4267361111 0.0109375000 0.0090277778
0 0.7457031250 0.4246527778 0.0156250000 0.0062500000
0 0.7675781250 0.4302083333 0.0156250000 0.0131944444
0 0.6083984375 0.4506944444 0.0089843750 0.0055555556
0 0.8597656250 0.4593750000 0.0242187500 0.0104166667
0 0.2736328125 0.4621527778 0.0160156250 0.0076388889
0 0.4501953125 0.4743055556 0.0167968750 0.0097222222
0 0.5357421875 0.4760416667 0.0214843750 0.0104166667
0 0.5718750000 0.4781250000 0.0101562500 0.0076388889
0 0.8439453125 0.4861111111 0.0113281250 0.0083333333
