0 0.8675781250 0.3184027778 0.0710937500 0.0201388889
0 0.8173828125 0.3197916667 0.0136718750 0.0104166667
0 0.6410156250 0.3277777778 0.0726562500 0.0125000000
0 0.4777343750 0.3302083333 0.0585937500 0.0131944444
0 0.5576171875 0.3270833333 0.0207031250 0.0083333333
0 0.5294921875 0.3309027778 0.0144531250 0.0118055556
0 0.4111328125 0.3343750000 0.0410156250 0.0131944444
0 0.2974609375 0.3333333333 0.0160156250 0.0069444444
0 0.5845703125 0.3350694444 0.0097656250 0.0076388889
0 0.2677734375 0.3395833333 0.0300781250 0.0138888889
0 0.3654296875 0.3572916667 0.0582031250 0.0451388889
0 0.2361328125 0.3500000000 0.0097656250 0.0083333333
0 0.8341796875 0.3677083333 0.0792968750 0.0354166667
0 0.4441406250 0.3604166667 0.0328125000 0.0194444444
0 0.7177734375 0.3704861111 0.0308593750 0.0145833333
0 0.4818359375 0.3763888889 0.0113281250 0.0097222222
0 0.4156250000 0.4024305556 0.0742187500 0.0354166667
0 0.7902343750 0.4135416667 0.1695312500 0.0548611111
0 0.6177734375 0.3982638889 0.0105468750 0.0090277778
0 0.5126953125 0.4059027778 0.0339843750 0.0145833333
0 0.6707031250 0.4093750000 0.0296875000 0.0159722222
0 0.4570312500 0.4256944444 0.0312500000 0.0222222222
0 0.2648437500 0.4204861111 0.0109375000 0.0062500000
0 0.5210937500 0.4208333333 0.0085937500 0.0069444444
0 0.6812500000 0.4260416667 0.0250000000 0.0145833333
0 0.5474609375 0.4284722222 0.0183593750 0.0097222222
0 0.6542968750 0.4319444444 0.0085937500 0.0055555556
0 0.6148437500 0.4586805556 0.0687500000 0.0576388889
0 0.8806640625 0.4836805556 0.0183593750 0.0159722222
0 0.7291015625 0.4864583333 0.0113281250 0.0048611111
0 0.8750000000 0.4972222222 0.0226562500 0.0055555556
