0 0.2341796875 0.1243055556 0.0097656250 0.0083333333
0 0.8550781250 0.2579861111 0.0453125000 0.0187500000
0 0.7542968750 0.3479166667 0.0492187500 0.0250000000
0 0.7980468750 0.3635416667 0.0531250000 0.0284722222
0 0.5533203125 0.3652777778 0.0230468750 0.0125000000
0 0.7039062500 0.3722222222 0.0250000000 0.0166666667
0 0.4511718750 0.3715277778 0.0187500000 0.0125000000
0 0.7343750000 0.3715277778 0.0109375000 0.0097222222
0 0.1673828125 0.3895833333 0.0207031250 0.0111111111
0 0.8626953125 0.3996527778 0.0300781250 0.0118055556
0 0.8398437500 0.4607638889 0.0148437500 0.0104166667
0 0.8867187500 0.4666666667 0.0195312500 0.0152777778
0 0.8658203125 0.4739583333 0.0308593750 0.0173611111
0 0.5937500000 0.4725694444 0.0171875000 0.0076388889
0 0.8027343750 0.4739583333 0.0273437500 0.0090277778
0 0.2906250000 0.4805555556 0.0218750000 0.0166666667
0 0.9162109375 0.4975694444 0.0074218750 0.0048611111
