0 0.8781250000 0.2718750000 0.0835937500 0.0298611111
0 0.8175781250 0.2631944444 0.0101562500 0.0069444444
0 0.8208984375 0.2694444444 0.0066406250 0.0055555556
0 0.2900390625 0.2729166667 0.0097656250 0.0069444444
0 0.2339843750 0.3020833333 0.0328125000 0.0138888889
0 0.8912109375 0.3427083333 0.0574218750 0.0451388889
0 0.8207031250 0.3656250000 0.1140625000 0.0409722222
0 0.3535156250 0.3673611111 0.0320312500 0.0166666667
0 0.4595703125 0.3729166667 0.0339843750 0.0194444444
0 0.5208984375 0.3701388889 0.0160156250 0.0069444444
0 0.7054687500 0.3711805556 0.0125000000 0.0090277778
0 0.5410156250 0.3857638889 0.0156250000 0.0090277778
0 0.6941406250 0.3934027778 0.0148437500 0.0131944444
0 0.8560546875 0.4177083333 0.0121093750 0.0076388889
0 0.2408203125 0.4326388889 0.0136718750 0.0083333333
0 0.8130859375 0.4444444444 0.0246093750 0.0194444444
0 0.8572265625 0.4447916667 0.0175781250 0.0062500000
0 0.8585937500 0.4583333333 0.0117187500 0.0069444444
0 0.5822265625 0.4708333333 0.0144531250 0.0083333333
0 0.2707031250 0.4750000000 0.0093750000 0.0083333333
0 0.5150390625 0.4774305556 0.0097656250 0.0076388889
0 0.8697265625 0.4899305556 0.0285156250 0.0201388889
0 0.2220703125 0.4975694444 0.0292968750 0.0048611111
