0 0.8287109375 0.3031250000 0.0199218750 0.0131944444
0 0.2705078125 0.3138888889 0.0144531250 0.0069444444
0 0.4337890625 0.3194444444 0.0089843750 0.0041666667
0 0.2544921875 0.3239583333 0.0136718750 0.0076388889
0 0.2500000000 0.3406250000 0.0312500000 0.0243055556
0 0.8587890625 0.3510416667 0.0152343750 0.0131944444
0 0.4900390625 0.3809027778 0.0332031250 0.0173611111
0 0.8048828125 0.3937500000 0.0636718750 0.0388888889
0 0.8607421875 0.3968750000 0.0253906250 0.0215277778
0 0.7113281250 0.4118055556 0.0484375000 0.0430555556
0 0.6724609375 0.4010416667 0.0261718750 0.0145833333
0 0.4806640625 0.4173611111 0.0503906250 0.0319444444
0 0.5593750000 0.4104166667 0.0304687500 0.0180555556
0 0.6511718750 0.4159722222 0.0164062500 0.0138888889
0 0.2105468750 0.4159722222 0.0125000000 0.0055555556
0 0.5193359375 0.4260416667 0.0277343750 0.0215277778
0 0.2324218750 0.4312500000 0.0078125000 0.0069444444
0 0.8164062500 0.4604166667 0.0085937500 0.0069444444
0 0.4875000000 0.4638888889 0.0125000000 0.0069444444
0 0.4349609375 0.4649305556 0.0074218750 0.0062500000
0 0.4652343750 0.4659722222 0.0101562500 0.0069444444
0 0.8814453125 0.4722222222 0.0230468750 0.0138888889
0 0.2597656250 0.4722222222 0.0078125000 0.0055555556
0 0.4855468750 0.4767361111 0.0148437500 0.0076388889
0 0.5218750000 0.4770833333 0.0117187500 0.0069444444
0 0.8488281250 0.4805555556 0.0250000000 0.0125000000
0 0.8240234375 0.4972222222 0.0160156250 0.0055555556
