0 0.5185546875 0.2861111111 0.0160156250 0.0083333333
0 0.8238281250 0.3020833333 0.0320312500 0.0180555556
0 0.2996093750 0.3121527778 0.0242187500 0.0145833333
0 0.4009765625 0.3177083333 0.0183593750 0.0118055556
0 0.4972656250 0.3166666667 0.0125000000 0.0069444444
0 0.8503906250 0.3718750000 0.1390625000 0.1159722222
0 0.2523437500 0.3309027778 0.0507812500 0.0298611111
0 0.3470703125 0.3652777778 0.0363281250 0.0152777778
0 0.4587890625 0.3718750000 0.0152343750 0.0131944444
0 0.4785156250 0.3805555556 0.0101562500 0.0083333333
0 0.3208984375 0.3868055556 0.0128906250 0.0111111111
0 0.3845703125 0.3861111111 0.0214843750 0.0097222222
0 0.7390625000 0.3909722222 0.0171875000 0.0125000000
0 0.6503906250 0.3885416667 0.0109375000 0.0062500000
0 0.4767578125 0.3975694444 0.0066406250 0.0048611111
0 0.3373046875 0.4100694444 0.0441406250 0.0201388889
0 0.5503906250 0.4086805556 0.0289062500 0.0187500000
0 0.4484375000 0.4142361111 0.0335937500 0.0243055556
0 0.6183593750 0.4111111111 0.0234375000 0.0180555556
0 0.4939453125 0.4177083333 0.0230468750 0.0173611111
0 0.4054687500 0.4236111111 0.0351562500 0.0222222222
0 0.7695312500 0.4211805556 0.0171875000 0.0145833333
0 0.6935546875 0.4267361111 0.0566406250 0.0229166667
0 0.6404296875 0.4298611111 0.0316406250 0.0125000000
0 0.5328125000 0.4295138889 0.0164062500 0.0076388889
0 0.5898437500 0.4399305556 0.0078125000 0.0062500000
0 0.8605468750 0.4479166667 0.0218750000 0.0069444444
0 0.2765625000 0.4527777778 0.0117187500 0.0083333333
0 0.5730468750 0.4701388889 0.0125000000 0.0111111111
0 0.8853515625 0.4788194444 0.0199218750 0.0118055556
0 0.8576171875 0.4826388889 0.0199218750 0.0166666667
0 0.5001953125 0.4788194444 0.0082031250 0.0062500000
0 0.9025390625 0.4972222222 0.0074218750 0.0055555556
