0 0.9103515625 0.2600694444 0.0191406250 0.0076388889
0 0.2783203125 0.2732638889 0.0316406250 0.0118055556
0 0.3777343750 0.2906250000 0.0164062500 0.0104166667
0 0.4123046875 0.2934027778 0.0167968750 0.0062500000
0 0.6927734375 0.3239583333 0.0082031250 0.0048611111
0 0.8691406250 0.3697916667 0.0085937500 0.0048611111
0 0.8744140625 0.3781250000 0.0097656250 0.0048611111
0 0.8755859375 0.3906250000 0.0160156250 0.0118055556
0 0.8828125000 0.4305555556 0.0085937500 0.0069444444
0 0.9054687500 0.4569444444 0.0289062500 0.0180555556
0 0.8830078125 0.4725694444 0.0074218750 0.0062500000
0 0.8757812500 0.4954861111 0.0171875000 0.0090277778
