0 0.5197265625 0.3131944444 0.8003906250 0.1638888889
0 0.7513671875 0.4000000000 0.0199218750 0.0166666667
0 0.5849609375 0.4118055556 0.1050781250 0.0208333333
0 0.6876953125 0.4079861111 0.0472656250 0.0090277778
0 0.4599609375 0.4125000000 0.1285156250 0.0152777778
0 0.2525390625 0.4291666667 0.0386718750 0.0277777778
0 0.7210937500 0.4493055556 0.0671875000 0.0388888889
0 0.3539062500 0.4555555556 0.0414062500 0.0347222222
0 0.4111328125 0.4621527778 0.0644531250 0.0437500000
0 0.4892578125 0.4649305556 0.0582031250 0.0493055556
0 0.8554687500 0.4607638889 0.0585937500 0.0354166667
0 0.3378906250 0.4673611111 0.0515625000 0.0458333333
0 0.6166015625 0.4746527778 0.0207031250 0.0131944444
0 0.7828125000 0.4885416667 0.0640625000 0.0229166667
0 0.6464843750 0.4902777778 0.0265625000 0.0194444444
0 0.2482421875 0.4920138889 0.0285156250 0.0159722222
0 0.4693359375 0.4937500000 0.0136718750 0.0069444444
0 0.8304687500 0.4972222222 0.0156250000 0.0055555556
0 0.8820312500 0.4968750000 0.0078125000 0.0062500000
