0 0.4277343750 0.3604166667 0.0132812500 0.0069444444
0 0.2226562500 0.3798611111 0.0140625000 0.0069444444
0 0.6406250000 0.4038194444 0.0101562500 0.0076388889
0 0.8648437500 0.4277777778 0.0156250000 0.0138888889
0 0.4152343750 0.4395833333 0.0257812500 0.0166666667
0 0.7726562500 0.4579861111 0.1312500000 0.0493055556
0 0.3808593750 0.4434027778 0.0242187500 0.0159722222
0 0.7312500000 0.4437500000 0.0164062500 0.0125000000
0 0.3369140625 0.4486111111 0.0230468750 0.0180555556
0 0.5195312500 0.4513888889 0.0242187500 0.0111111111
0 0.4929687500 0.4656250000 0.0421875000 0.0243055556
0 0.6451171875 0.4569444444 0.0175781250 0.0069444444
0 0.5902343750 0.4614583333 0.0171875000 0.0131944444
0 0.6478515625 0.4736111111 0.0957031250 0.0305555556
0 0.5441406250 0.4718750000 0.0429687500 0.0201388889
0 0.4416015625 0.4819444444 0.0777343750 0.0222222222
