0 0.8759765625 0.3194444444 0.0878906250 0.0291666667
0 0.7849609375 0.3104166667 0.0121093750 0.0083333333
0 0.2375000000 0.3500000000 0.0304687500 0.0166666667
0 0.2185546875 0.3895833333 0.0207031250 0.0125000000
0 0.8134765625 0.4145833333 0.0699218750 0.0416666667
0 0.7244140625 0.4270833333 0.0589843750 0.0500000000
0 0.3556640625 0.4149305556 0.0316406250 0.0159722222
0 0.2408203125 0.4159722222 0.0199218750 0.0097222222
0 0.4617187500 0.4204861111 0.0375000000 0.0187500000
0 0.5232421875 0.4187500000 0.0199218750 0.0097222222
0 0.4857421875 0.4312500000 0.0246093750 0.0166666667
0 0.3832031250 0.4277777778 0.0070312500 0.0055555556
0 0.2468750000 0.4340277778 0.0132812500 0.0111111111
0 0.6568359375 0.4416666667 0.0167968750 0.0097222222
0 0.8541015625 0.4656250000 0.0113281250 0.0076388889
0 0.2681640625 0.4791666667 0.0144531250 0.0083333333
0 0.2427734375 0.4805555556 0.0136718750 0.0083333333
0 0.8658203125 0.4829861111 0.0074218750 0.0048611111
0 0.8109375000 0.4920138889 0.0203125000 0.0159722222
0 0.8363281250 0.4937500000 0.0250000000 0.0125000000
