0 0.8468750000 0.2756944444 0.0343750000 0.0138888889
0 0.9005859375 0.2784722222 0.0136718750 0.0111111111
0 0.2373046875 0.3138888889 0.0167968750 0.0138888889
0 0.4224609375 0.3593750000 0.0113281250 0.0076388889
0 0.8111328125 0.3829861111 0.1308593750 0.0506944444
0 0.8714843750 0.3652777778 0.0109375000 0.0083333333
0 0.7455078125 0.3736111111 0.0246093750 0.0208333333
0 0.7169921875 0.3729166667 0.0144531250 0.0069444444
0 0.3638671875 0.3843750000 0.0238281250 0.0173611111
0 0.4500000000 0.3892361111 0.0328125000 0.0229166667
0 0.5628906250 0.3861111111 0.0414062500 0.0166666667
0 0.6931640625 0.3937500000 0.0332031250 0.0208333333
0 0.4960937500 0.3975694444 0.0593750000 0.0229166667
0 0.5333984375 0.4041666667 0.0121093750 0.0083333333
0 0.8623046875 0.4208333333 0.0300781250 0.0138888889
0 0.8884765625 0.4399305556 0.0089843750 0.0034722222
0 0.8517578125 0.4524305556 0.0136718750 0.0118055556
0 0.9056640625 0.4746527778 0.0285156250 0.0131944444
0 0.8382812500 0.4815972222 0.0179687500 0.0090277778
0 0.8875000000 0.4909722222 0.0078125000 0.0069444444
