0 0.8363281250 0.3222222222 0.0710937500 0.0236111111
0 0.7695312500 0.3211805556 0.0179687500 0.0145833333
0 0.6259765625 0.3326388889 0.1316406250 0.0180555556
0 0.5236328125 0.3350694444 0.0238281250 0.0145833333
0 0.4576171875 0.3361111111 0.0761718750 0.0111111111
0 0.2835937500 0.3423611111 0.0585937500 0.0222222222
0 0.3980468750 0.3395833333 0.0234375000 0.0097222222
0 0.5439453125 0.3649305556 0.0175781250 0.0145833333
0 0.5011718750 0.3666666667 0.0171875000 0.0152777778
0 0.6808593750 0.3753472222 0.0546875000 0.0256944444
0 0.2185546875 0.3684027778 0.0113281250 0.0090277778
0 0.5773437500 0.3680555556 0.0148437500 0.0083333333
0 0.8414062500 0.3756944444 0.0343750000 0.0250000000
0 0.7259765625 0.3767361111 0.0316406250 0.0215277778
0 0.6320312500 0.3944444444 0.0250000000 0.0222222222
0 0.5724609375 0.3947916667 0.0128906250 0.0062500000
0 0.3986328125 0.4170138889 0.0902343750 0.0284722222
0 0.5562500000 0.4156250000 0.0484375000 0.0243055556
0 0.8066406250 0.4253472222 0.1273437500 0.0395833333
0 0.6759765625 0.4121527778 0.0152343750 0.0062500000
0 0.6642578125 0.4392361111 0.0660156250 0.0409722222
0 0.5970703125 0.4475694444 0.1527343750 0.0479166667
0 0.4796875000 0.4416666667 0.0929687500 0.0347222222
0 0.7089843750 0.4555555556 0.0101562500 0.0069444444
0 0.8902343750 0.4604166667 0.0140625000 0.0111111111
0 0.8863281250 0.4756944444 0.0117187500 0.0055555556
0 0.4281250000 0.4822916667 0.0125000000 0.0090277778
0 0.8818359375 0.4857638889 0.0238281250 0.0090277778
