0 0.8687500000 0.3201388889 0.0515625000 0.0208333333
0 0.5369140625 0.3357638889 0.0175781250 0.0131944444
0 0.3199218750 0.3361111111 0.0148437500 0.0111111111
0 0.4675781250 0.3371527778 0.0585937500 0.0118055556
0 0.2845703125 0.3423611111 0.0308593750 0.0180555556
0 0.4166015625 0.3409722222 0.0167968750 0.0097222222
0 0.3289062500 0.3538194444 0.0117187500 0.0062500000
0 0.2335937500 0.3673611111 0.0132812500 0.0111111111
0 0.8724609375 0.3694444444 0.0097656250 0.0083333333
0 0.8224609375 0.3718750000 0.0074218750 0.0062500000
0 0.4894531250 0.3937500000 0.0125000000 0.0083333333
0 0.8033203125 0.3993055556 0.0183593750 0.0152777778
0 0.8644531250 0.3965277778 0.0078125000 0.0055555556
0 0.4158203125 0.4125000000 0.0332031250 0.0208333333
0 0.6949218750 0.4083333333 0.0117187500 0.0097222222
0 0.5769531250 0.4145833333 0.0257812500 0.0194444444
0 0.8187500000 0.4246527778 0.1195312500 0.0381944444
0 0.7433593750 0.4256944444 0.0351562500 0.0222222222
0 0.4472656250 0.4239583333 0.0304687500 0.0131944444
0 0.3882812500 0.4270833333 0.0109375000 0.0083333333
0 0.6507812500 0.4340277778 0.0773437500 0.0208333333
0 0.5152343750 0.4333333333 0.0312500000 0.0166666667
0 0.5607421875 0.4409722222 0.0136718750 0.0083333333
0 0.4755859375 0.4503472222 0.0574218750 0.0201388889
0 0.5404296875 0.4479166667 0.0175781250 0.0152777778
0 0.5115234375 0.4465277778 0.0160156250 0.0111111111
0 0.6447265625 0.4496527778 0.0089843750 0.0062500000
0 0.7126953125 0.4531250000 0.0144531250 0.0090277778
0 0.5697265625 0.4614583333 0.0269531250 0.0173611111
0 0.6015625000 0.4583333333 0.0203125000 0.0125000000
0 0.6363281250 0.4631944444 0.0570312500 0.0208333333
0 0.7263671875 0.4572916667 0.0207031250 0.0090277778
