0 0.8285156250 0.2614583333 0.0250000000 0.0173611111
0 0.8556640625 0.2631944444 0.0113281250 0.0097222222
0 0.2949218750 0.2690972222 0.0171875000 0.0104166667
0 0.2126953125 0.3375000000 0.0136718750 0.0083333333
0 0.7382812500 0.3503472222 0.0132812500 0.0104166667
0 0.7628906250 0.3531250000 0.0093750000 0.0076388889
0 0.7958984375 0.3673611111 0.0269531250 0.0194444444
0 0.3341796875 0.3687500000 0.0316406250 0.0194444444
0 0.5492187500 0.3701388889 0.0234375000 0.0138888889
0 0.4947265625 0.3770833333 0.0207031250 0.0166666667
0 0.2287109375 0.3767361111 0.0105468750 0.0090277778
0 0.4031250000 0.3850694444 0.0335937500 0.0159722222
0 0.7158203125 0.3864583333 0.0128906250 0.0048611111
0 0.5298828125 0.3892361111 0.0089843750 0.0062500000
0 0.6449218750 0.3899305556 0.0242187500 0.0090277778
0 0.4646484375 0.3920138889 0.0074218750 0.0062500000
0 0.6787109375 0.3930555556 0.0097656250 0.0055555556
0 0.8615234375 0.4059027778 0.0199218750 0.0104166667
0 0.8914062500 0.4371527778 0.0117187500 0.0104166667
0 0.8435546875 0.4677083333 0.0300781250 0.0090277778
0 0.8517578125 0.4756944444 0.0207031250 0.0055555556
0 0.5890625000 0.4791666667 0.0195312500 0.0097222222
0 0.4941406250 0.4798611111 0.0109375000 0.0069444444
0 0.5443359375 0.4826388889 0.0191406250 0.0083333333
0 0.8804687500 0.4864583333 0.0101562500 0.0062500000
