0 0.2304687500 0.1315972222 0.0546875000 0.0229166667
0 0.2085937500 0.1503472222 0.0109375000 0.0062500000
0 0.1632812500 0.1954861111 0.0109375000 0.0062500000
0 0.8667968750 0.2305555556 0.1062500000 0.0222222222
0 0.2744140625 0.2406250000 0.0121093750 0.0062500000
0 0.2460937500 0.2562500000 0.0335937500 0.0291666667
0 0.3380859375 0.2600694444 0.0246093750 0.0159722222
0 0.7593750000 0.2697916667 0.0187500000 0.0104166667
0 0.8400390625 0.2809027778 0.0191406250 0.0159722222
0 0.8886718750 0.3079861111 0.0093750000 0.0048611111
0 0.7298828125 0.3145833333 0.0207031250 0.0166666667
0 0.1480468750 0.3184027778 0.0125000000 0.0090277778
0 0.7710937500 0.3284722222 0.0429687500 0.0236111111
0 0.4869140625 0.3364583333 0.0113281250 0.0090277778
0 0.8476562500 0.3409722222 0.0148437500 0.0125000000
0 0.5794921875 0.3545138889 0.0246093750 0.0159722222
0 0.8589843750 0.4006944444 0.0218750000 0.0125000000
0 0.8115234375 0.4423611111 0.0097656250 0.0069444444
0 0.2373046875 0.4447916667 0.0074218750 0.0062500000
0 0.8542968750 0.4861111111 0.0187500000 0.0125000000
