0 0.2212890625 0.1246527778 0.0105468750 0.0090277778
0 0.8542968750 0.2131944444 0.0242187500 0.0194444444
0 0.8224609375 0.2114583333 0.0089843750 0.0048611111
0 0.1658203125 0.2250000000 0.0105468750 0.0055555556
0 0.3955078125 0.2361111111 0.0152343750 0.0083333333
0 0.5457031250 0.2708333333 0.0242187500 0.0166666667
0 0.4820312500 0.2743055556 0.0382812500 0.0166666667
0 0.5029296875 0.2809027778 0.0136718750 0.0076388889
0 0.7273437500 0.3204861111 0.0992187500 0.0465277778
0 0.4513671875 0.3111111111 0.0160156250 0.0125000000
0 0.8785156250 0.3125000000 0.0109375000 0.0097222222
0 0.4968750000 0.3260416667 0.0265625000 0.0215277778
0 0.5396484375 0.3256944444 0.0300781250 0.0138888889
0 0.8591796875 0.3305555556 0.0097656250 0.0069444444
0 0.6107421875 0.3385416667 0.0308593750 0.0090277778
0 0.2322265625 0.3416666667 0.0105468750 0.0055555556
0 0.8582031250 0.3600694444 0.0187500000 0.0131944444
0 0.2609375000 0.3715277778 0.0109375000 0.0055555556
0 0.8085937500 0.3812500000 0.0242187500 0.0111111111
0 0.2822265625 0.4211805556 0.0082031250 0.0062500000
0 0.2140625000 0.4402777778 0.0312500000 0.0152777778
0 0.8876953125 0.4565972222 0.0105468750 0.0090277778
