0 0.6800781250 0.3947916667 0.0109375000 0.0062500000
0 0.8675781250 0.4017361111 0.0539062500 0.0173611111
0 0.5974609375 0.4031250000 0.0371093750 0.0118055556
0 0.5085937500 0.4034722222 0.0421875000 0.0097222222
0 0.3128906250 0.4069444444 0.0382812500 0.0125000000
0 0.4394531250 0.4083333333 0.0179687500 0.0111111111
0 0.3773437500 0.4128472222 0.0140625000 0.0104166667
0 0.2458984375 0.4222222222 0.0511718750 0.0222222222
0 0.6306640625 0.4350694444 0.0191406250 0.0145833333
0 0.4267578125 0.4475694444 0.0878906250 0.0270833333
0 0.7609375000 0.4461805556 0.0640625000 0.0243055556
0 0.5039062500 0.4559027778 0.0453125000 0.0312500000
0 0.6406250000 0.4447916667 0.0101562500 0.0062500000
0 0.8056640625 0.4465277778 0.0089843750 0.0069444444
0 0.8736328125 0.4517361111 0.0246093750 0.0173611111
0 0.6218750000 0.4628472222 0.0226562500 0.0145833333
0 0.3570312500 0.4697916667 0.0125000000 0.0076388889
0 0.8285156250 0.4767361111 0.0281250000 0.0201388889
0 0.7484375000 0.4864583333 0.0804687500 0.0270833333
0 0.6441406250 0.4815972222 0.0242187500 0.0131944444
0 0.8968750000 0.4895833333 0.0460937500 0.0208333333
0 0.4259765625 0.4902777778 0.0605468750 0.0194444444
0 0.3541015625 0.4920138889 0.0269531250 0.0159722222
0 0.6498046875 0.4927083333 0.0246093750 0.0145833333
0 0.5380859375 0.4934027778 0.0308593750 0.0131944444
0 0.5892578125 0.4930555556 0.0183593750 0.0097222222
0 0.8566406250 0.4947916667 0.0117187500 0.0104166667
0 0.6722656250 0.4979166667 0.0078125000 0.0041666667
