0 0.2406250000 0.1319444444 0.0343750000 0.0236111111
0 0.8285156250 0.2673611111 0.0257812500 0.0180555556
0 0.4009765625 0.2843750000 0.0191406250 0.0118055556
0 0.4957031250 0.2829861111 0.0132812500 0.0076388889
0 0.3197265625 0.3534722222 0.0121093750 0.0055555556
0 0.7398437500 0.3572916667 0.0164062500 0.0104166667
0 0.7630859375 0.3600694444 0.0089843750 0.0076388889
0 0.4761718750 0.3635416667 0.0070312500 0.0062500000
0 0.7960937500 0.3739583333 0.0273437500 0.0201388889
0 0.3343750000 0.3753472222 0.0320312500 0.0201388889
0 0.5490234375 0.3774305556 0.0246093750 0.0145833333
0 0.4947265625 0.3836805556 0.0199218750 0.0159722222
0 0.2292968750 0.3836805556 0.0109375000 0.0090277778
0 0.4033203125 0.3913194444 0.0332031250 0.0159722222
0 0.6453125000 0.3972222222 0.0234375000 0.0097222222
0 0.8580078125 0.4149305556 0.0300781250 0.0187500000
0 0.8892578125 0.4447916667 0.0152343750 0.0118055556
0 0.8417968750 0.4753472222 0.0328125000 0.0118055556
0 0.8564453125 0.4819444444 0.0105468750 0.0041666667
