0 0.8363281250 0.2979166667 0.0125000000 0.0083333333
0 0.8634765625 0.3006944444 0.0222656250 0.0138888889
0 0.3095703125 0.3114583333 0.0136718750 0.0062500000
0 0.7962890625 0.4059027778 0.0519531250 0.0298611111
0 0.5632812500 0.4059027778 0.0437500000 0.0187500000
0 0.4505859375 0.4121527778 0.0238281250 0.0173611111
0 0.7041015625 0.4131944444 0.0253906250 0.0180555556
0 0.4941406250 0.4152777778 0.0296875000 0.0208333333
0 0.6242187500 0.4125000000 0.0085937500 0.0055555556
0 0.5865234375 0.4232638889 0.0105468750 0.0062500000
0 0.8730468750 0.4270833333 0.0093750000 0.0069444444
0 0.8609375000 0.4347222222 0.0304687500 0.0208333333
0 0.2800781250 0.4465277778 0.0125000000 0.0083333333
0 0.5646484375 0.4670138889 0.0316406250 0.0131944444
0 0.8521484375 0.4784722222 0.0386718750 0.0250000000
0 0.8638671875 0.4906250000 0.0113281250 0.0048611111
