0 0.2658203125 0.2142361111 0.0128906250 0.0104166667
0 0.8619140625 0.2645833333 0.0292968750 0.0236111111
0 0.8261718750 0.2649305556 0.0265625000 0.0159722222
0 0.2687500000 0.2767361111 0.0148437500 0.0062500000
0 0.4001953125 0.2958333333 0.0753906250 0.0319444444
0 0.2464843750 0.2861111111 0.0265625000 0.0055555556
0 0.2429687500 0.3083333333 0.0195312500 0.0138888889
0 0.8138671875 0.3128472222 0.0261718750 0.0229166667
0 0.8589843750 0.3159722222 0.0125000000 0.0097222222
0 0.8058593750 0.3562500000 0.0640625000 0.0388888889
0 0.8681640625 0.3444444444 0.0136718750 0.0097222222
0 0.7560546875 0.3493055556 0.0191406250 0.0138888889
0 0.8623046875 0.3593750000 0.0253906250 0.0215277778
0 0.2425781250 0.3548611111 0.0117187500 0.0097222222
0 0.8998046875 0.3652777778 0.0082031250 0.0041666667
0 0.5576171875 0.3743055556 0.0230468750 0.0138888889
0 0.5185546875 0.3881944444 0.0261718750 0.0152777778
0 0.8583984375 0.4434027778 0.0417968750 0.0131944444
0 0.8652343750 0.4552083333 0.0140625000 0.0118055556
0 0.8164062500 0.4614583333 0.0335937500 0.0104166667
0 0.4373046875 0.4663194444 0.0105468750 0.0076388889
0 0.4595703125 0.4739583333 0.0160156250 0.0118055556
0 0.5951171875 0.4739583333 0.0300781250 0.0090277778
0 0.5240234375 0.4756944444 0.0183593750 0.0097222222
0 0.8738281250 0.4899305556 0.0476562500 0.0201388889
