0 0.2365234375 0.1256944444 0.0339843750 0.0111111111
0 0.2796875000 0.1222222222 0.0187500000 0.0041666667
0 0.2970703125 0.1305555556 0.0128906250 0.0083333333
0 0.2654296875 0.1909722222 0.0144531250 0.0111111111
0 0.8722656250 0.2145833333 0.0953125000 0.0305555556
0 0.2320312500 0.2253472222 0.0164062500 0.0118055556
0 0.8867187500 0.2864583333 0.0101562500 0.0062500000
0 0.7658203125 0.2923611111 0.0152343750 0.0111111111
0 0.7792968750 0.3041666667 0.0187500000 0.0152777778
0 0.8316406250 0.3125000000 0.0585937500 0.0291666667
0 0.5603515625 0.3163194444 0.0191406250 0.0145833333
0 0.4570312500 0.3173611111 0.0093750000 0.0069444444
0 0.6556640625 0.3312500000 0.0207031250 0.0111111111
0 0.4671875000 0.4236111111 0.0140625000 0.0097222222
0 0.5119140625 0.4232638889 0.0136718750 0.0048611111
