0 0.8437500000 0.3017361111 0.0453125000 0.0173611111
0 0.2980468750 0.3125000000 0.0250000000 0.0152777778
0 0.2455078125 0.3281250000 0.0628906250 0.0395833333
0 0.4000000000 0.3194444444 0.0164062500 0.0111111111
0 0.4216796875 0.3190972222 0.0089843750 0.0062500000
0 0.3671875000 0.3211805556 0.0093750000 0.0062500000
0 0.4347656250 0.3697916667 0.0523437500 0.0270833333
0 0.8484375000 0.4024305556 0.0773437500 0.0520833333
0 0.7314453125 0.3965277778 0.0308593750 0.0263888889
0 0.5917968750 0.3927083333 0.0117187500 0.0076388889
0 0.3359375000 0.4107638889 0.0421875000 0.0229166667
0 0.7894531250 0.4128472222 0.0312500000 0.0270833333
0 0.5548828125 0.4128472222 0.0378906250 0.0187500000
0 0.6144531250 0.4135416667 0.0210937500 0.0187500000
0 0.6496093750 0.4107638889 0.0164062500 0.0118055556
0 0.4839843750 0.4194444444 0.0328125000 0.0208333333
0 0.3998046875 0.4232638889 0.0582031250 0.0243055556
0 0.4662109375 0.4152777778 0.0128906250 0.0097222222
0 0.7435546875 0.4159722222 0.0183593750 0.0083333333
0 0.5251953125 0.4291666667 0.0253906250 0.0097222222
0 0.6675781250 0.4368055556 0.0140625000 0.0097222222
0 0.6066406250 0.4437500000 0.0101562500 0.0069444444
0 0.8591796875 0.4513888889 0.0238281250 0.0111111111
0 0.2751953125 0.4531250000 0.0136718750 0.0090277778
0 0.2585937500 0.4593750000 0.0093750000 0.0076388889
0 0.3615234375 0.4614583333 0.0128906250 0.0048611111
0 0.2339843750 0.4666666667 0.0289062500 0.0125000000
0 0.4492187500 0.4659722222 0.0164062500 0.0097222222
0 0.5351562500 0.4690972222 0.0226562500 0.0131944444
0 0.5777343750 0.4715277778 0.0242187500 0.0138888889
0 0.8509765625 0.4822916667 0.0277343750 0.0187500000
0 0.4968750000 0.4781250000 0.0164062500 0.0076388889
