0 0.8398437500 0.2906250000 0.0226562500 0.0131944444
0 0.5814453125 0.3006944444 0.0957031250 0.0138888889
0 0.4798828125 0.3034722222 0.0464843750 0.0138888889
0 0.3021484375 0.3041666667 0.0144531250 0.0097222222
0 0.2537109375 0.3166666667 0.0667968750 0.0277777778
0 0.3935546875 0.3104166667 0.0246093750 0.0138888889
0 0.8341796875 0.3413194444 0.0285156250 0.0187500000
0 0.7712890625 0.3593750000 0.0128906250 0.0090277778
0 0.4888671875 0.3656250000 0.0207031250 0.0131944444
0 0.8343750000 0.3899305556 0.0484375000 0.0409722222
0 0.7140625000 0.3763888889 0.0125000000 0.0097222222
0 0.8958984375 0.3902777778 0.0480468750 0.0375000000
0 0.5478515625 0.3788194444 0.0121093750 0.0076388889
0 0.7423828125 0.3836805556 0.0152343750 0.0076388889
0 0.4212890625 0.4003472222 0.0917968750 0.0354166667
0 0.5240234375 0.4059027778 0.0777343750 0.0326388889
0 0.4621093750 0.4104166667 0.0398437500 0.0333333333
0 0.7421875000 0.4079861111 0.0296875000 0.0243055556
0 0.6603515625 0.4138888889 0.0886718750 0.0333333333
0 0.5806640625 0.4135416667 0.0503906250 0.0215277778
0 0.8603515625 0.4222222222 0.0371093750 0.0138888889
0 0.8289062500 0.4437500000 0.0093750000 0.0069444444
0 0.9132812500 0.4465277778 0.0132812500 0.0111111111
0 0.8761718750 0.4579861111 0.0140625000 0.0104166667
0 0.4570312500 0.4750000000 0.0351562500 0.0111111111
0 0.8392578125 0.4767361111 0.0183593750 0.0090277778
0 0.8429687500 0.4916666667 0.0242187500 0.0166666667
0 0.2431640625 0.4934027778 0.0082031250 0.0048611111
