0 0.8255859375 0.2041666667 0.0394531250 0.0166666667
0 0.6537109375 0.2059027778 0.0957031250 0.0159722222
0 0.5474609375 0.2065972222 0.0589843750 0.0118055556
0 0.5945312500 0.2059027778 0.0140625000 0.0104166667
0 0.4857421875 0.2093750000 0.0449218750 0.0118055556
0 0.2160156250 0.2232638889 0.0617187500 0.0368055556
0 0.2722656250 0.2114583333 0.0328125000 0.0118055556
0 0.3884765625 0.2111111111 0.0886718750 0.0125000000
0 0.8832031250 0.4017361111 0.0734375000 0.0298611111
0 0.3203125000 0.3965277778 0.0414062500 0.0138888889
0 0.4730468750 0.3961805556 0.0070312500 0.0062500000
0 0.4093750000 0.4173611111 0.0554687500 0.0250000000
0 0.3669921875 0.4180555556 0.0121093750 0.0097222222
0 0.6437500000 0.4420138889 0.0250000000 0.0145833333
0 0.5843750000 0.4534722222 0.0218750000 0.0152777778
0 0.4841796875 0.4666666667 0.0199218750 0.0166666667
0 0.7214843750 0.4722222222 0.0109375000 0.0069444444
0 0.7763671875 0.4843750000 0.0371093750 0.0312500000
0 0.6572265625 0.4864583333 0.0871093750 0.0270833333
0 0.7251953125 0.4895833333 0.0621093750 0.0208333333
0 0.5066406250 0.4930555556 0.0273437500 0.0138888889
0 0.5892578125 0.4958333333 0.0285156250 0.0083333333
0 0.5503906250 0.4961805556 0.0273437500 0.0076388889
