0 0.2917968750 0.1541666667 0.0414062500 0.0138888889
0 0.5812500000 0.3472222222 0.1125000000 0.0222222222
0 0.8341796875 0.3392361111 0.0222656250 0.0076388889
0 0.4566406250 0.3517361111 0.0656250000 0.0131944444
0 0.6304687500 0.3635416667 0.0070312500 0.0062500000
0 0.5181640625 0.3788194444 0.0316406250 0.0256944444
0 0.4390625000 0.3965277778 0.0187500000 0.0152777778
0 0.5935546875 0.4166666667 0.0300781250 0.0222222222
0 0.5500000000 0.4163194444 0.0359375000 0.0173611111
0 0.7636718750 0.4472222222 0.0531250000 0.0402777778
0 0.2480468750 0.4385416667 0.0117187500 0.0104166667
0 0.5279296875 0.4413194444 0.0113281250 0.0076388889
0 0.3648437500 0.4496527778 0.0304687500 0.0215277778
0 0.4132812500 0.4440972222 0.0078125000 0.0062500000
0 0.5521484375 0.4548611111 0.0402343750 0.0208333333
0 0.5296875000 0.4659722222 0.1625000000 0.0402777778
0 0.6550781250 0.4569444444 0.0460937500 0.0222222222
0 0.4273437500 0.4541666667 0.0234375000 0.0125000000
0 0.7095703125 0.4621527778 0.0308593750 0.0173611111
0 0.6710937500 0.4673611111 0.0070312500 0.0055555556
