0 0.2353515625 0.1250000000 0.0152343750 0.0097222222
0 0.2792968750 0.1236111111 0.0132812500 0.0069444444
0 0.4876953125 0.2361111111 0.0238281250 0.0111111111
0 0.4296875000 0.2368055556 0.0390625000 0.0111111111
0 0.2302734375 0.2489583333 0.0363281250 0.0187500000
0 0.8085937500 0.3270833333 0.1406250000 0.0402777778
0 0.5007812500 0.3295138889 0.0203125000 0.0159722222
0 0.6175781250 0.3263888889 0.0109375000 0.0055555556
0 0.5371093750 0.3322916667 0.0132812500 0.0104166667
0 0.2417968750 0.3336805556 0.0203125000 0.0090277778
0 0.5617187500 0.3354166667 0.0148437500 0.0125000000
0 0.4351562500 0.3347222222 0.0117187500 0.0069444444
0 0.7044921875 0.3472222222 0.0402343750 0.0319444444
0 0.8000000000 0.3434027778 0.0187500000 0.0159722222
0 0.6587890625 0.3486111111 0.0167968750 0.0111111111
0 0.4353515625 0.3520833333 0.0503906250 0.0152777778
0 0.4851562500 0.3548611111 0.0328125000 0.0138888889
0 0.5619140625 0.3614583333 0.0199218750 0.0173611111
0 0.6162109375 0.3579861111 0.0128906250 0.0076388889
0 0.6558593750 0.3746527778 0.0250000000 0.0131944444
0 0.8449218750 0.3892361111 0.0179687500 0.0090277778
0 0.4931640625 0.4309027778 0.0105468750 0.0076388889
0 0.6158203125 0.4305555556 0.0082031250 0.0069444444
0 0.8925781250 0.4506944444 0.0070312500 0.0055555556
0 0.8339843750 0.4583333333 0.0171875000 0.0138888889
0 0.8603515625 0.4937500000 0.0167968750 0.0125000000
