0 0.8371093750 0.2906250000 0.0156250000 0.0131944444
0 0.4027343750 0.3090277778 0.0171875000 0.0111111111
0 0.4236328125 0.3739583333 0.0121093750 0.0090277778
0 0.8111328125 0.3979166667 0.1308593750 0.0527777778
0 0.7169921875 0.3878472222 0.0175781250 0.0104166667
0 0.7539062500 0.3906250000 0.0101562500 0.0090277778
0 0.3648437500 0.4000000000 0.0226562500 0.0194444444
0 0.4804687500 0.4079861111 0.0929687500 0.0326388889
0 0.5619140625 0.4010416667 0.0449218750 0.0187500000
0 0.6605468750 0.3975694444 0.0210937500 0.0090277778
0 0.6253906250 0.4065972222 0.0289062500 0.0243055556
0 0.6890625000 0.4093750000 0.0429687500 0.0229166667
0 0.6505859375 0.4166666667 0.0105468750 0.0069444444
0 0.5345703125 0.4194444444 0.0183593750 0.0083333333
0 0.8621093750 0.4343750000 0.0304687500 0.0173611111
0 0.2789062500 0.4423611111 0.0117187500 0.0083333333
0 0.8548828125 0.4673611111 0.0207031250 0.0125000000
0 0.8384765625 0.4968750000 0.0136718750 0.0062500000
