0 0.9068359375 0.2104166667 0.0261718750 0.0166666667
0 0.8181640625 0.2138888889 0.0863281250 0.0166666667
0 0.7474609375 0.2135416667 0.0355468750 0.0118055556
0 0.0869140625 0.2184027778 0.0136718750 0.0118055556
0 0.2333984375 0.2204861111 0.0457031250 0.0159722222
0 0.6611328125 0.2180555556 0.0097656250 0.0083333333
0 0.3412109375 0.2236111111 0.0425781250 0.0138888889
0 0.2828125000 0.2267361111 0.0273437500 0.0159722222
0 0.3892578125 0.2243055556 0.0292968750 0.0111111111
0 0.4107421875 0.2218750000 0.0089843750 0.0062500000
0 0.2605468750 0.2288194444 0.0085937500 0.0048611111
0 0.5902343750 0.3798611111 0.0257812500 0.0194444444
0 0.7189453125 0.3791666667 0.0792968750 0.0166666667
0 0.6552734375 0.3819444444 0.0300781250 0.0208333333
0 0.5441406250 0.3802083333 0.0210937500 0.0131944444
0 0.6097656250 0.3791666667 0.0148437500 0.0125000000
0 0.4150390625 0.3888888889 0.0925781250 0.0222222222
0 0.8003906250 0.3819444444 0.0164062500 0.0097222222
0 0.3492187500 0.3857638889 0.0312500000 0.0076388889
0 0.3017578125 0.3913194444 0.0472656250 0.0159722222
0 0.2632812500 0.4006944444 0.0164062500 0.0125000000
0 0.3404296875 0.3986111111 0.0097656250 0.0083333333
0 0.2240234375 0.4076388889 0.0308593750 0.0166666667
0 0.2074218750 0.4236111111 0.0187500000 0.0166666667
0 0.7277343750 0.4295138889 0.0835937500 0.0229166667
0 0.4529296875 0.4340277778 0.0871093750 0.0305555556
0 0.8167968750 0.4336805556 0.0375000000 0.0256944444
0 0.8552734375 0.4368055556 0.0480468750 0.0291666667
0 0.3644531250 0.4315972222 0.0398437500 0.0173611111
0 0.5707031250 0.4423611111 0.0726562500 0.0347222222
0 0.3224609375 0.4468750000 0.0300781250 0.0215277778
0 0.6126953125 0.4423611111 0.0144531250 0.0097222222
0 0.3966796875 0.4472222222 0.0074218750 0.0055555556
0 0.7228515625 0.4652777778 0.0480468750 0.0402777778
0 0.7673828125 0.4572916667 0.0253906250 0.0159722222
0 0.3837890625 0.4656250000 0.0402343750 0.0284722222
0 0.5193359375 0.4569444444 0.0183593750 0.0125000000
0 0.4914062500 0.4541666667 0.0078125000 0.0041666667
0 0.4470703125 0.4562500000 0.0074218750 0.0055555556
0 0.6574218750 0.4680555556 0.0625000000 0.0263888889
0 0.8451171875 0.4770833333 0.0542968750 0.0416666667
0 0.3525390625 0.4736111111 0.0386718750 0.0319444444
0 0.4720703125 0.4788194444 0.1824218750 0.0423611111
0 0.4267578125 0.4680555556 0.0238281250 0.0111111111
0 0.7966796875 0.4725694444 0.0144531250 0.0090277778
0 0.5978515625 0.4822916667 0.0503906250 0.0243055556
0 0.7802734375 0.4878472222 0.0542968750 0.0243055556
0 0.2105468750 0.4954861111 0.0117187500 0.0090277778
0 0.6943359375 0.4954861111 0.0402343750 0.0090277778
0 0.3763671875 0.4972222222 0.0074218750 0.0055555556
0 0.6466796875 0.4968750000 0.0128906250 0.0062500000
