0 0.2404296875 0.1239583333 0.0128906250 0.0076388889
0 0.8458984375 0.1972222222 0.0308593750 0.0166666667
0 0.8783203125 0.2006944444 0.0167968750 0.0125000000
0 0.6333984375 0.2072916667 0.0105468750 0.0090277778
0 0.4548828125 0.2131944444 0.0496093750 0.0125000000
0 0.4960937500 0.2118055556 0.0156250000 0.0111111111
0 0.2537109375 0.2295138889 0.0363281250 0.0298611111
0 0.8849609375 0.2517361111 0.0175781250 0.0104166667
0 0.8343750000 0.3027777778 0.0718750000 0.0444444444
0 0.8679687500 0.2895833333 0.0140625000 0.0111111111
0 0.4380859375 0.2975694444 0.0074218750 0.0062500000
0 0.4216796875 0.3038194444 0.0113281250 0.0090277778
0 0.3330078125 0.3072916667 0.0199218750 0.0131944444
0 0.4996093750 0.3229166667 0.0312500000 0.0208333333
0 0.7126953125 0.3236111111 0.0707031250 0.0194444444
0 0.5396484375 0.3253472222 0.0339843750 0.0159722222
0 0.4685546875 0.3315972222 0.0136718750 0.0062500000
0 0.6394531250 0.3329861111 0.0281250000 0.0090277778
0 0.5919921875 0.3347222222 0.0152343750 0.0097222222
