0 0.2269531250 0.1954861111 0.0070312500 0.0062500000
0 0.8615234375 0.2843750000 0.0214843750 0.0131944444
0 0.4429687500 0.3093750000 0.1914062500 0.0368055556
0 0.8746093750 0.3555555556 0.0203125000 0.0069444444
0 0.5259765625 0.3638888889 0.0222656250 0.0111111111
0 0.2392578125 0.3781250000 0.0246093750 0.0076388889
0 0.6343750000 0.3885416667 0.0296875000 0.0118055556
0 0.5523437500 0.3909722222 0.0125000000 0.0111111111
0 0.6970703125 0.3954861111 0.0308593750 0.0201388889
0 0.2025390625 0.4072916667 0.0105468750 0.0048611111
0 0.8609375000 0.4190972222 0.0367187500 0.0229166667
0 0.2765625000 0.4298611111 0.0125000000 0.0083333333
0 0.8390625000 0.4357638889 0.0179687500 0.0076388889
0 0.2203125000 0.4413194444 0.0203125000 0.0173611111
0 0.2449218750 0.4395833333 0.0187500000 0.0138888889
0 0.8429687500 0.4618055556 0.0359375000 0.0250000000
0 0.7234375000 0.4614583333 0.0132812500 0.0118055556
0 0.8955078125 0.4795138889 0.0488281250 0.0409722222
0 0.4439453125 0.4743055556 0.0128906250 0.0097222222
0 0.2099609375 0.4743055556 0.0128906250 0.0069444444
0 0.6568359375 0.4791666667 0.0199218750 0.0111111111
0 0.8294921875 0.4826388889 0.0261718750 0.0166666667
0 0.8146484375 0.4940972222 0.0113281250 0.0048611111
