0 0.2132812500 0.1243055556 0.0109375000 0.0083333333
0 0.8597656250 0.2562500000 0.0218750000 0.0097222222
0 0.4498046875 0.2618055556 0.0082031250 0.0069444444
0 0.4191406250 0.2645833333 0.0359375000 0.0097222222
0 0.3796875000 0.3083333333 0.0304687500 0.0250000000
0 0.4074218750 0.3281250000 0.0179687500 0.0131944444
0 0.3669921875 0.3534722222 0.0527343750 0.0375000000
0 0.5185546875 0.3416666667 0.0113281250 0.0083333333
0 0.7433593750 0.3458333333 0.0210937500 0.0152777778
0 0.5273437500 0.3576388889 0.0179687500 0.0125000000
0 0.4214843750 0.3611111111 0.0273437500 0.0180555556
0 0.5582031250 0.3607638889 0.0289062500 0.0159722222
0 0.7648437500 0.3659722222 0.0562500000 0.0277777778
0 0.6867187500 0.3597222222 0.0242187500 0.0111111111
0 0.6486328125 0.3756944444 0.0238281250 0.0180555556
0 0.4484375000 0.3784722222 0.0109375000 0.0097222222
0 0.9009765625 0.3760416667 0.0105468750 0.0048611111
0 0.5412109375 0.3854166667 0.0167968750 0.0083333333
0 0.8523437500 0.4305555556 0.0187500000 0.0166666667
0 0.7542968750 0.4743055556 0.0218750000 0.0097222222
0 0.8576171875 0.4888888889 0.0253906250 0.0222222222
