0 0.8412109375 0.2368055556 0.0488281250 0.0236111111
0 0.8906250000 0.2347222222 0.0320312500 0.0208333333
0 0.4259765625 0.2545138889 0.1644531250 0.0312500000
0 0.3312500000 0.2729166667 0.0140625000 0.0125000000
0 0.8798828125 0.2989583333 0.0074218750 0.0048611111
0 0.7000000000 0.3461805556 0.1062500000 0.0506944444
0 0.4511718750 0.3354166667 0.0164062500 0.0125000000
0 0.5494140625 0.3482638889 0.0511718750 0.0215277778
0 0.4982421875 0.3500000000 0.0292968750 0.0236111111
0 0.6125000000 0.3597222222 0.0562500000 0.0263888889
0 0.8587890625 0.3548611111 0.0082031250 0.0069444444
0 0.2332031250 0.3659722222 0.0117187500 0.0083333333
0 0.8574218750 0.3850694444 0.0195312500 0.0145833333
0 0.2623046875 0.3961805556 0.0105468750 0.0076388889
0 0.2355468750 0.3982638889 0.0140625000 0.0076388889
0 0.8853515625 0.4062500000 0.0371093750 0.0194444444
0 0.8078125000 0.4059027778 0.0242187500 0.0118055556
0 0.2154296875 0.4635416667 0.0316406250 0.0159722222
0 0.2595703125 0.4663194444 0.0121093750 0.0090277778
0 0.8875000000 0.4815972222 0.0117187500 0.0076388889
0 0.8304687500 0.4888888889 0.0242187500 0.0180555556
