0 0.7677734375 0.3319444444 0.0246093750 0.0194444444
0 0.8455078125 0.3361111111 0.0230468750 0.0125000000
0 0.7986328125 0.3354166667 0.0207031250 0.0083333333
0 0.4615234375 0.3465277778 0.0496093750 0.0194444444
0 0.3017578125 0.3430555556 0.0121093750 0.0083333333
0 0.5232421875 0.3461805556 0.0519531250 0.0131944444
0 0.5748046875 0.3482638889 0.0347656250 0.0173611111
0 0.6101562500 0.3454861111 0.0140625000 0.0104166667
0 0.2484375000 0.3545138889 0.0742187500 0.0256944444
0 0.4873046875 0.3732638889 0.0113281250 0.0090277778
0 0.5275390625 0.3791666667 0.0152343750 0.0111111111
0 0.8125000000 0.3812500000 0.0242187500 0.0125000000
0 0.7359375000 0.3829861111 0.0164062500 0.0118055556
0 0.8058593750 0.4211805556 0.1804687500 0.0562500000
0 0.3314453125 0.4253472222 0.0574218750 0.0465277778
0 0.4322265625 0.4065972222 0.0105468750 0.0062500000
0 0.4494140625 0.4159722222 0.0285156250 0.0152777778
0 0.3730468750 0.4180555556 0.0148437500 0.0111111111
0 0.6486328125 0.4260416667 0.0363281250 0.0173611111
0 0.3804687500 0.4420138889 0.0835937500 0.0354166667
0 0.5835937500 0.4315972222 0.0171875000 0.0090277778
0 0.5556640625 0.4399305556 0.0136718750 0.0062500000
0 0.5216796875 0.4486111111 0.0152343750 0.0111111111
0 0.5011718750 0.4677083333 0.1132812500 0.0312500000
0 0.5943359375 0.4684027778 0.0503906250 0.0215277778
0 0.7146484375 0.4690972222 0.0074218750 0.0062500000
0 0.8980468750 0.4899305556 0.0257812500 0.0201388889
