0 0.7968750000 0.2500000000 0.0109375000 0.0069444444
0 0.8300781250 0.2503472222 0.0132812500 0.0076388889
0 0.8513671875 0.2534722222 0.0136718750 0.0083333333
0 0.8917968750 0.2552083333 0.0226562500 0.0104166667
0 0.2767578125 0.2677083333 0.0121093750 0.0048611111
0 0.5798828125 0.3086805556 0.0175781250 0.0076388889
0 0.5539062500 0.3166666667 0.0296875000 0.0166666667
0 0.4802734375 0.3246527778 0.0121093750 0.0076388889
0 0.7285156250 0.3395833333 0.0492187500 0.0180555556
0 0.2457031250 0.3458333333 0.0226562500 0.0166666667
0 0.8316406250 0.3520833333 0.0296875000 0.0250000000
0 0.7937500000 0.3513888889 0.0390625000 0.0166666667
0 0.7441406250 0.3656250000 0.0406250000 0.0298611111
0 0.4216796875 0.3604166667 0.0136718750 0.0083333333
0 0.4960937500 0.3694444444 0.0929687500 0.0263888889
0 0.6275390625 0.3642361111 0.0152343750 0.0104166667
0 0.5796875000 0.3795138889 0.0296875000 0.0145833333
0 0.8615234375 0.4274305556 0.0230468750 0.0159722222
0 0.8919921875 0.4260416667 0.0183593750 0.0104166667
0 0.6433593750 0.4312500000 0.0109375000 0.0055555556
0 0.5304687500 0.4333333333 0.0093750000 0.0055555556
0 0.8833984375 0.4930555556 0.0097656250 0.0055555556
