0 0.8466796875 0.2847222222 0.0339843750 0.0138888889
0 0.4238281250 0.3694444444 0.0109375000 0.0097222222
0 0.8101562500 0.3923611111 0.1289062500 0.0527777778
0 0.4644531250 0.3718750000 0.0085937500 0.0062500000
0 0.8763671875 0.3791666667 0.0199218750 0.0152777778
0 0.7455078125 0.3833333333 0.0253906250 0.0208333333
0 0.7132812500 0.3836805556 0.0085937500 0.0076388889
0 0.3642578125 0.3940972222 0.0230468750 0.0187500000
0 0.4800781250 0.4034722222 0.0929687500 0.0319444444
0 0.5621093750 0.3958333333 0.0445312500 0.0180555556
0 0.6570312500 0.3916666667 0.0132812500 0.0069444444
0 0.6248046875 0.4013888889 0.0285156250 0.0222222222
0 0.6904296875 0.4038194444 0.0441406250 0.0215277778
0 0.6503906250 0.4118055556 0.0101562500 0.0083333333
0 0.5357421875 0.4145833333 0.0183593750 0.0083333333
0 0.8662109375 0.4326388889 0.0222656250 0.0097222222
0 0.8548828125 0.4621527778 0.0199218750 0.0131944444
0 0.8390625000 0.4920138889 0.0132812500 0.0062500000
0 0.9128906250 0.4972222222 0.0140625000 0.0055555556
0 0.8902343750 0.4979166667 0.0125000000 0.0041666667
