0 0.8509765625 0.3093750000 0.0371093750 0.0173611111
0 0.4306640625 0.3225694444 0.0238281250 0.0090277778
0 0.4605468750 0.3201388889 0.0171875000 0.0055555556
0 0.3824218750 0.3246527778 0.0203125000 0.0090277778
0 0.2513671875 0.3267361111 0.0121093750 0.0104166667
0 0.8189453125 0.3902777778 0.2019531250 0.1347222222
0 0.2294921875 0.3388888889 0.0324218750 0.0138888889
0 0.8484375000 0.3538194444 0.0171875000 0.0118055556
0 0.7265625000 0.3559027778 0.0164062500 0.0090277778
0 0.6416015625 0.3607638889 0.0136718750 0.0118055556
0 0.4242187500 0.3638888889 0.0101562500 0.0069444444
0 0.3943359375 0.3840277778 0.0246093750 0.0138888889
0 0.7308593750 0.3909722222 0.0203125000 0.0083333333
0 0.4171875000 0.4031250000 0.0335937500 0.0187500000
0 0.5187500000 0.4076388889 0.0242187500 0.0180555556
0 0.3736328125 0.4072916667 0.0371093750 0.0159722222
0 0.6904296875 0.4184027778 0.0269531250 0.0201388889
0 0.6091796875 0.4173611111 0.0167968750 0.0125000000
0 0.5416015625 0.4305555556 0.0464843750 0.0194444444
0 0.4978515625 0.4319444444 0.0253906250 0.0194444444
0 0.6562500000 0.4413194444 0.0437500000 0.0298611111
0 0.3792968750 0.4309027778 0.0085937500 0.0076388889
0 0.6076171875 0.4333333333 0.0136718750 0.0083333333
0 0.4578125000 0.4420138889 0.0429687500 0.0229166667
0 0.2341796875 0.4430555556 0.0105468750 0.0041666667
0 0.8494140625 0.4611111111 0.0113281250 0.0055555556
0 0.2623046875 0.4746527778 0.0152343750 0.0090277778
0 0.2365234375 0.4760416667 0.0136718750 0.0076388889
0 0.8111328125 0.4829861111 0.0089843750 0.0076388889
0 0.8781250000 0.4840277778 0.0156250000 0.0083333333
