0 0.8462890625 0.3399305556 0.0183593750 0.0076388889
0 0.5218750000 0.3465277778 0.0625000000 0.0097222222
0 0.5904296875 0.3475694444 0.0214843750 0.0104166667
0 0.2722656250 0.3607638889 0.1062500000 0.0298611111
0 0.3958984375 0.3524305556 0.0121093750 0.0104166667
0 0.8525390625 0.4090277778 0.1347656250 0.1013888889
0 0.7798828125 0.4197916667 0.0347656250 0.0215277778
0 0.4242187500 0.4152777778 0.0109375000 0.0041666667
0 0.5281250000 0.4236111111 0.0164062500 0.0138888889
0 0.4437500000 0.4319444444 0.0671875000 0.0277777778
0 0.5691406250 0.4291666667 0.0156250000 0.0097222222
0 0.6656250000 0.4302083333 0.0132812500 0.0118055556
0 0.3677734375 0.4385416667 0.0261718750 0.0173611111
0 0.6150390625 0.4524305556 0.0457031250 0.0312500000
0 0.7587890625 0.4500000000 0.0324218750 0.0250000000
0 0.5722656250 0.4479166667 0.0281250000 0.0194444444
0 0.7216796875 0.4444444444 0.0230468750 0.0083333333
0 0.6664062500 0.4493055556 0.0265625000 0.0166666667
0 0.4027343750 0.4569444444 0.0203125000 0.0180555556
0 0.6335937500 0.4701388889 0.0320312500 0.0277777778
0 0.2458984375 0.4614583333 0.0113281250 0.0076388889
0 0.6751953125 0.4638888889 0.0199218750 0.0125000000
0 0.7222656250 0.4670138889 0.0250000000 0.0131944444
0 0.5013671875 0.4753472222 0.0238281250 0.0173611111
0 0.5660156250 0.4770833333 0.0367187500 0.0125000000
