0 0.8537109375 0.3107638889 0.0339843750 0.0131944444
0 0.9015625000 0.3142361111 0.0367187500 0.0159722222
0 0.7171875000 0.3128472222 0.0140625000 0.0104166667
0 0.5146484375 0.3194444444 0.0308593750 0.0152777778
0 0.5669921875 0.3180555556 0.0199218750 0.0125000000
0 0.2710937500 0.3270833333 0.0351562500 0.0152777778
0 0.4062500000 0.3263888889 0.0109375000 0.0069444444
0 0.6066406250 0.3468750000 0.0164062500 0.0131944444
0 0.7955078125 0.3562500000 0.0957031250 0.0333333333
0 0.4392578125 0.3579861111 0.0847656250 0.0256944444
0 0.8281250000 0.3729166667 0.0101562500 0.0055555556
0 0.7712890625 0.3836805556 0.0160156250 0.0118055556
0 0.3960937500 0.3847222222 0.0085937500 0.0069444444
0 0.8660156250 0.3888888889 0.0171875000 0.0125000000
0 0.6113281250 0.3923611111 0.0125000000 0.0069444444
0 0.8373046875 0.4006944444 0.0292968750 0.0208333333
0 0.4507812500 0.4125000000 0.0382812500 0.0319444444
0 0.4076171875 0.4090277778 0.0261718750 0.0222222222
0 0.6222656250 0.4017361111 0.0093750000 0.0076388889
0 0.8701171875 0.4076388889 0.0246093750 0.0194444444
0 0.4966796875 0.4121527778 0.0480468750 0.0229166667
0 0.9156250000 0.4079861111 0.0085937500 0.0076388889
0 0.7162109375 0.4111111111 0.0160156250 0.0125000000
0 0.6503906250 0.4145833333 0.0234375000 0.0166666667
0 0.9111328125 0.4159722222 0.0175781250 0.0083333333
0 0.7976562500 0.4284722222 0.0328125000 0.0222222222
0 0.9087890625 0.4343750000 0.0222656250 0.0187500000
0 0.8978515625 0.4402777778 0.0183593750 0.0152777778
0 0.9136718750 0.4517361111 0.0125000000 0.0076388889
