0 0.9037109375 0.2399305556 0.0324218750 0.0229166667
0 0.7583984375 0.2434027778 0.0394531250 0.0187500000
0 0.4457031250 0.2565972222 0.5703125000 0.0381944444
0 0.8490234375 0.3937500000 0.0996093750 0.0291666667
0 0.7634765625 0.3954861111 0.0457031250 0.0215277778
0 0.6201171875 0.4048611111 0.0152343750 0.0097222222
0 0.5041015625 0.4083333333 0.0558593750 0.0152777778
0 0.4322265625 0.4104166667 0.0371093750 0.0111111111
0 0.5828125000 0.4100694444 0.0164062500 0.0104166667
0 0.2322265625 0.4263888889 0.0441406250 0.0361111111
0 0.4814453125 0.4534722222 0.0691406250 0.0555555556
0 0.6566406250 0.4392361111 0.0312500000 0.0215277778
0 0.8503906250 0.4572916667 0.0796875000 0.0465277778
0 0.4003906250 0.4635416667 0.0875000000 0.0548611111
0 0.5628906250 0.4447916667 0.0437500000 0.0131944444
0 0.7039062500 0.4475694444 0.0218750000 0.0159722222
0 0.7353515625 0.4486111111 0.0207031250 0.0152777778
0 0.7781250000 0.4555555556 0.0335937500 0.0291666667
0 0.3445312500 0.4763888889 0.0593750000 0.0472222222
0 0.6351562500 0.4555555556 0.0234375000 0.0069444444
0 0.5949218750 0.4708333333 0.0242187500 0.0111111111
0 0.6492187500 0.4739583333 0.0125000000 0.0104166667
0 0.5500000000 0.4798611111 0.0171875000 0.0152777778
0 0.6146484375 0.4788194444 0.0144531250 0.0104166667
0 0.2330078125 0.4885416667 0.0292968750 0.0229166667
0 0.7728515625 0.4909722222 0.0941406250 0.0180555556
0 0.5208984375 0.4930555556 0.0402343750 0.0138888889
0 0.9078125000 0.4940972222 0.0242187500 0.0118055556
0 0.8390625000 0.4958333333 0.0296875000 0.0083333333
0 0.8804687500 0.4972222222 0.0101562500 0.0055555556
