0 0.8962890625 0.2458333333 0.0472656250 0.0236111111
0 0.5089843750 0.2586805556 0.7031250000 0.0409722222
0 0.8269531250 0.4090277778 0.1468750000 0.0305555556
0 0.2572265625 0.4333333333 0.1136718750 0.0416666667
0 0.5345703125 0.4239583333 0.2019531250 0.0229166667
0 0.4052734375 0.4250000000 0.0121093750 0.0083333333
0 0.8582031250 0.4559027778 0.1234375000 0.0673611111
0 0.6753906250 0.4506944444 0.0320312500 0.0236111111
0 0.7330078125 0.4545138889 0.0363281250 0.0256944444
0 0.3851562500 0.4670138889 0.1031250000 0.0479166667
0 0.5587890625 0.4684027778 0.0777343750 0.0395833333
0 0.6210937500 0.4666666667 0.0335937500 0.0291666667
0 0.7017578125 0.4711805556 0.0199218750 0.0159722222
0 0.3398437500 0.4885416667 0.0406250000 0.0229166667
0 0.8433593750 0.4927083333 0.0312500000 0.0145833333
0 0.3796875000 0.4934027778 0.0164062500 0.0076388889
0 0.2066406250 0.4968750000 0.0148437500 0.0062500000
0 0.7234375000 0.4982638889 0.0140625000 0.0034722222
