0 0.7890625000 0.3222222222 0.0898437500 0.0180555556
0 0.2753906250 0.3302083333 0.0140625000 0.0090277778
0 0.7083984375 0.3329861111 0.0121093750 0.0062500000
0 0.5142578125 0.3347222222 0.0269531250 0.0069444444
0 0.5480468750 0.3371527778 0.0210937500 0.0118055556
0 0.4470703125 0.3381944444 0.0636718750 0.0111111111
0 0.2708984375 0.3420138889 0.0277343750 0.0131944444
0 0.3941406250 0.3402777778 0.0218750000 0.0083333333
0 0.2310546875 0.3520833333 0.0316406250 0.0263888889
0 0.3619140625 0.3461805556 0.0128906250 0.0090277778
0 0.3726562500 0.4003472222 0.0257812500 0.0201388889
0 0.4181640625 0.4031250000 0.0105468750 0.0062500000
0 0.6580078125 0.4142361111 0.0113281250 0.0076388889
0 0.7294921875 0.4458333333 0.2449218750 0.0708333333
0 0.4228515625 0.4184027778 0.0253906250 0.0131944444
0 0.3892578125 0.4232638889 0.0277343750 0.0145833333
0 0.5300781250 0.4267361111 0.0265625000 0.0159722222
0 0.6054687500 0.4243055556 0.0117187500 0.0083333333
0 0.4675781250 0.4305555556 0.0351562500 0.0166666667
0 0.5343750000 0.4503472222 0.1351562500 0.0451388889
0 0.7128906250 0.4329861111 0.0109375000 0.0076388889
0 0.6583984375 0.4361111111 0.0222656250 0.0083333333
0 0.6236328125 0.4361111111 0.0074218750 0.0055555556
0 0.4402343750 0.4652777778 0.1164062500 0.0583333333
0 0.8638671875 0.4802083333 0.0199218750 0.0131944444
0 0.3222656250 0.4819444444 0.0093750000 0.0083333333
0 0.2789062500 0.4906250000 0.0179687500 0.0090277778
0 0.2478515625 0.4930555556 0.0128906250 0.0069444444
0 0.8208984375 0.4975694444 0.0089843750 0.0048611111
0 0.8863281250 0.4979166667 0.0210937500 0.0041666667
