0 0.8957031250 0.3048611111 0.0398437500 0.0125000000
0 0.3087890625 0.3090277778 0.0457031250 0.0138888889
0 0.5279296875 0.3055555556 0.0089843750 0.0069444444
0 0.5988281250 0.3079861111 0.0125000000 0.0076388889
0 0.2568359375 0.3197916667 0.0464843750 0.0173611111
0 0.3929687500 0.3211805556 0.0195312500 0.0131944444
0 0.4242187500 0.3215277778 0.0218750000 0.0125000000
0 0.3615234375 0.3270833333 0.0183593750 0.0083333333
0 0.7625000000 0.3388888889 0.0398437500 0.0250000000
0 0.7646484375 0.3895833333 0.1542968750 0.0486111111
0 0.6392578125 0.3812500000 0.0066406250 0.0055555556
0 0.5742187500 0.3871527778 0.0085937500 0.0048611111
0 0.6345703125 0.4006944444 0.0417968750 0.0291666667
0 0.9152343750 0.3899305556 0.0093750000 0.0048611111
0 0.5060546875 0.4128472222 0.0167968750 0.0090277778
0 0.5958984375 0.4128472222 0.0160156250 0.0104166667
0 0.8562500000 0.4548611111 0.0218750000 0.0069444444
0 0.8605468750 0.4777777778 0.0203125000 0.0097222222
0 0.8363281250 0.4871527778 0.0109375000 0.0048611111
0 0.7826171875 0.4965277778 0.0113281250 0.0069444444
