0 0.2175781250 0.1468750000 0.0156250000 0.0118055556
0 0.3000000000 0.1468750000 0.0109375000 0.0062500000
0 0.1232421875 0.2232638889 0.0074218750 0.0062500000
0 0.9000000000 0.3298611111 0.0398437500 0.0263888889
0 0.8505859375 0.3256944444 0.0308593750 0.0166666667
0 0.3990234375 0.3451388889 0.0269531250 0.0180555556
0 0.8130859375 0.4246527778 0.0683593750 0.0409722222
0 0.7378906250 0.4204861111 0.0203125000 0.0145833333
0 0.4187500000 0.4222222222 0.0226562500 0.0125000000
0 0.3556640625 0.4256944444 0.0300781250 0.0152777778
0 0.4619140625 0.4312500000 0.0363281250 0.0194444444
0 0.5228515625 0.4295138889 0.0191406250 0.0090277778
0 0.5656250000 0.4416666667 0.0156250000 0.0069444444
0 0.6431640625 0.4555555556 0.0269531250 0.0111111111
0 0.8583984375 0.4774305556 0.0207031250 0.0145833333
0 0.2718750000 0.4902777778 0.0093750000 0.0083333333
0 0.2423828125 0.4916666667 0.0121093750 0.0083333333
0 0.8156250000 0.4968750000 0.0093750000 0.0062500000
0 0.8812500000 0.4972222222 0.0218750000 0.0055555556
