0 0.7830078125 0.3784722222 0.0160156250 0.0138888889
0 0.6853515625 0.3829861111 0.0722656250 0.0201388889
0 0.5935546875 0.3847222222 0.0683593750 0.0138888889
0 0.8800781250 0.3850694444 0.0335937500 0.0159722222
0 0.5042968750 0.3861111111 0.0570312500 0.0125000000
0 0.3117187500 0.3899305556 0.0507812500 0.0118055556
0 0.4437500000 0.3916666667 0.0296875000 0.0138888889
0 0.3804687500 0.3951388889 0.0203125000 0.0111111111
0 0.5482421875 0.3965277778 0.0160156250 0.0111111111
0 0.2515625000 0.4055555556 0.0468750000 0.0222222222
0 0.6158203125 0.4295138889 0.0511718750 0.0395833333
0 0.4201171875 0.4302083333 0.0675781250 0.0284722222
0 0.7787109375 0.4277777778 0.1152343750 0.0222222222
0 0.4613281250 0.4253472222 0.0195312500 0.0131944444
0 0.5550781250 0.4295138889 0.0234375000 0.0187500000
0 0.8722656250 0.4309027778 0.0375000000 0.0201388889
0 0.3380859375 0.4371527778 0.0121093750 0.0090277778
0 0.4146484375 0.4534722222 0.0128906250 0.0069444444
0 0.7410156250 0.4753472222 0.1093750000 0.0409722222
0 0.8357421875 0.4656250000 0.0371093750 0.0201388889
0 0.4144531250 0.4753472222 0.1578125000 0.0354166667
0 0.6574218750 0.4774305556 0.0375000000 0.0326388889
0 0.7939453125 0.4687500000 0.0175781250 0.0083333333
0 0.3853515625 0.4701388889 0.0128906250 0.0083333333
0 0.5392578125 0.4798611111 0.0308593750 0.0208333333
0 0.6117187500 0.4847222222 0.0609375000 0.0305555556
0 0.4894531250 0.4857638889 0.0500000000 0.0284722222
0 0.6908203125 0.4868055556 0.0371093750 0.0263888889
0 0.8521484375 0.4857638889 0.0230468750 0.0118055556
0 0.8224609375 0.4944444444 0.0199218750 0.0111111111
