0 0.2085937500 0.1239583333 0.0093750000 0.0076388889
0 0.8513671875 0.1944444444 0.0261718750 0.0166666667
0 0.4275390625 0.2076388889 0.0246093750 0.0083333333
0 0.2371093750 0.2156250000 0.0312500000 0.0173611111
0 0.2052734375 0.2243055556 0.0332031250 0.0138888889
0 0.7828125000 0.3020833333 0.1226562500 0.0472222222
0 0.5167968750 0.2934027778 0.0226562500 0.0131944444
0 0.4750000000 0.3215277778 0.0695312500 0.0263888889
0 0.3972656250 0.3222222222 0.0554687500 0.0236111111
0 0.5326171875 0.3197916667 0.0089843750 0.0076388889
0 0.6410156250 0.3236111111 0.0125000000 0.0097222222
0 0.5554687500 0.3267361111 0.0210937500 0.0104166667
0 0.8556640625 0.3468750000 0.0175781250 0.0131944444
0 0.8912109375 0.3524305556 0.0105468750 0.0090277778
0 0.8126953125 0.3677083333 0.0089843750 0.0076388889
0 0.8916015625 0.3725694444 0.0355468750 0.0145833333
0 0.2556640625 0.4288194444 0.0113281250 0.0090277778
