0 0.3214843750 0.1993055556 0.1203125000 0.0236111111
0 0.4263671875 0.1972222222 0.0207031250 0.0166666667
0 0.2437500000 0.2041666667 0.0242187500 0.0180555556
0 0.8654296875 0.3718750000 0.0652343750 0.0201388889
0 0.7910156250 0.3722222222 0.0109375000 0.0069444444
0 0.5087890625 0.3774305556 0.0269531250 0.0104166667
0 0.5802734375 0.3795138889 0.0425781250 0.0159722222
0 0.6238281250 0.3805555556 0.0304687500 0.0125000000
0 0.2789062500 0.3965277778 0.0992187500 0.0375000000
0 0.4193359375 0.3847222222 0.0699218750 0.0125000000
0 0.3595703125 0.3875000000 0.0214843750 0.0138888889
0 0.4884765625 0.4152777778 0.0761718750 0.0250000000
0 0.6449218750 0.4173611111 0.0398437500 0.0208333333
0 0.4017578125 0.4472222222 0.1371093750 0.0763888889
0 0.8287109375 0.4250000000 0.0238281250 0.0166666667
0 0.5447265625 0.4309027778 0.0113281250 0.0062500000
0 0.4285156250 0.4430555556 0.0195312500 0.0097222222
0 0.6646484375 0.4447916667 0.0128906250 0.0090277778
0 0.8851562500 0.4666666667 0.0695312500 0.0444444444
0 0.7818359375 0.4673611111 0.0652343750 0.0430555556
0 0.4781250000 0.4729166667 0.0679687500 0.0444444444
0 0.5556640625 0.4760416667 0.0707031250 0.0479166667
0 0.6757812500 0.4701388889 0.0617187500 0.0361111111
0 0.8332031250 0.4673611111 0.0343750000 0.0277777778
0 0.4005859375 0.4611111111 0.0113281250 0.0097222222
0 0.7369140625 0.4729166667 0.0394531250 0.0277777778
0 0.6044921875 0.4729166667 0.0269531250 0.0236111111
0 0.2378906250 0.4715277778 0.0093750000 0.0083333333
0 0.6386718750 0.4809027778 0.0250000000 0.0187500000
0 0.8609375000 0.4763888889 0.0062500000 0.0055555556
