0 0.8566406250 0.3131944444 0.0382812500 0.0208333333
0 0.4335937500 0.3274305556 0.0171875000 0.0090277778
0 0.3904296875 0.3295138889 0.0144531250 0.0104166667
0 0.2564453125 0.3340277778 0.0113281250 0.0055555556
0 0.2255859375 0.3458333333 0.0089843750 0.0041666667
0 0.3853515625 0.3739583333 0.0496093750 0.0423611111
0 0.4250000000 0.3722222222 0.0445312500 0.0347222222
0 0.8484375000 0.3656250000 0.0312500000 0.0201388889
0 0.6523437500 0.3649305556 0.0195312500 0.0173611111
0 0.4957031250 0.3770833333 0.0226562500 0.0166666667
0 0.3597656250 0.4118055556 0.0695312500 0.0222222222
0 0.4199218750 0.4097222222 0.0273437500 0.0180555556
0 0.4611328125 0.4204861111 0.0394531250 0.0187500000
0 0.7035156250 0.4184027778 0.0156250000 0.0090277778
0 0.6447265625 0.4201388889 0.0152343750 0.0111111111
0 0.5515625000 0.4381944444 0.0414062500 0.0250000000
0 0.6912109375 0.4416666667 0.0207031250 0.0180555556
0 0.2394531250 0.4482638889 0.0101562500 0.0062500000
0 0.8595703125 0.4680555556 0.0191406250 0.0111111111
0 0.3167968750 0.4725694444 0.0101562500 0.0090277778
0 0.2667968750 0.4802083333 0.0140625000 0.0090277778
0 0.2419921875 0.4815972222 0.0136718750 0.0076388889
0 0.8960937500 0.4923611111 0.0476562500 0.0152777778
0 0.8339843750 0.4947916667 0.0171875000 0.0104166667
