0 0.9103515625 0.1541666667 0.0191406250 0.0166666667
0 0.2195312500 0.1649305556 0.0171875000 0.0076388889
0 0.3767578125 0.1656250000 0.0082031250 0.0062500000
0 0.4679687500 0.3569444444 0.0093750000 0.0041666667
0 0.4070312500 0.4333333333 0.0125000000 0.0069444444
0 0.7296875000 0.4381944444 0.0132812500 0.0069444444
0 0.7847656250 0.4395833333 0.0234375000 0.0111111111
0 0.4054687500 0.4520833333 0.0765625000 0.0305555556
0 0.7880859375 0.4562500000 0.1019531250 0.0388888889
0 0.4787109375 0.4531250000 0.0660156250 0.0270833333
0 0.6117187500 0.4479166667 0.0132812500 0.0069444444
0 0.5650390625 0.4555555556 0.0324218750 0.0194444444
0 0.6919921875 0.4538194444 0.0519531250 0.0159722222
0 0.6251953125 0.4562500000 0.0144531250 0.0111111111
0 0.6496093750 0.4701388889 0.0304687500 0.0138888889
0 0.8787109375 0.4774305556 0.0261718750 0.0229166667
0 0.4691406250 0.4711805556 0.0125000000 0.0062500000
0 0.5445312500 0.4795138889 0.0125000000 0.0104166667
