0 0.8835937500 0.2076388889 0.0109375000 0.0055555556
0 0.3439453125 0.2218750000 0.2574218750 0.0229166667
0 0.6255859375 0.2163194444 0.0574218750 0.0118055556
0 0.5054687500 0.2180555556 0.0171875000 0.0055555556
0 0.7042968750 0.3836805556 0.0289062500 0.0173611111
0 0.6654296875 0.3809027778 0.0121093750 0.0048611111
0 0.7628906250 0.3847222222 0.0210937500 0.0125000000
0 0.7390625000 0.3836805556 0.0109375000 0.0076388889
0 0.5931640625 0.3843750000 0.0128906250 0.0048611111
0 0.5703125000 0.3875000000 0.0156250000 0.0097222222
0 0.3634765625 0.3881944444 0.0222656250 0.0083333333
0 0.6492187500 0.3906250000 0.0164062500 0.0131944444
0 0.8757812500 0.3913194444 0.0257812500 0.0104166667
0 0.2853515625 0.4062500000 0.1027343750 0.0333333333
0 0.4722656250 0.3954861111 0.0195312500 0.0104166667
0 0.4388671875 0.3986111111 0.0074218750 0.0055555556
0 0.4716796875 0.4399305556 0.2589843750 0.0590277778
0 0.7380859375 0.4298611111 0.0386718750 0.0222222222
0 0.7822265625 0.4361111111 0.0324218750 0.0236111111
0 0.6435546875 0.4479166667 0.0699218750 0.0375000000
0 0.7220703125 0.4642361111 0.0238281250 0.0090277778
0 0.8652343750 0.4649305556 0.0078125000 0.0062500000
0 0.7576171875 0.4819444444 0.0988281250 0.0361111111
0 0.4712890625 0.4680555556 0.0152343750 0.0069444444
0 0.4220703125 0.4833333333 0.1644531250 0.0333333333
0 0.5289062500 0.4722222222 0.0148437500 0.0125000000
0 0.5558593750 0.4725694444 0.0203125000 0.0131944444
0 0.5939453125 0.4697916667 0.0105468750 0.0076388889
0 0.6751953125 0.4805555556 0.0347656250 0.0263888889
0 0.5880859375 0.4861111111 0.0542968750 0.0277777778
0 0.6384765625 0.4788194444 0.0175781250 0.0118055556
0 0.5304687500 0.4892361111 0.0421875000 0.0215277778
0 0.2240234375 0.4972222222 0.0113281250 0.0055555556
0 0.7523437500 0.4972222222 0.0148437500 0.0055555556
