0 0.2406250000 0.1274305556 0.0398437500 0.0145833333
0 0.8751953125 0.1836805556 0.0894531250 0.0284722222
0 0.2933593750 0.1975694444 0.0765625000 0.0270833333
0 0.3449218750 0.1888888889 0.0093750000 0.0055555556
0 0.2369140625 0.2038194444 0.0128906250 0.0076388889
0 0.4050781250 0.2065972222 0.0187500000 0.0104166667
0 0.7273437500 0.2375000000 0.0320312500 0.0166666667
0 0.5517578125 0.2729166667 0.0191406250 0.0111111111
0 0.5294921875 0.2854166667 0.0253906250 0.0111111111
0 0.8927734375 0.4625000000 0.0089843750 0.0055555556
0 0.8257812500 0.4961805556 0.0093750000 0.0076388889
