0 0.8572265625 0.3086805556 0.0300781250 0.0131944444
0 0.4673828125 0.3288194444 0.0332031250 0.0173611111
0 0.4259765625 0.3333333333 0.0402343750 0.0222222222
0 0.3833984375 0.3381944444 0.0308593750 0.0180555556
0 0.8742187500 0.3791666667 0.0195312500 0.0069444444
0 0.5222656250 0.3854166667 0.0164062500 0.0125000000
0 0.2474609375 0.4027777778 0.0105468750 0.0055555556
0 0.6691406250 0.4083333333 0.0093750000 0.0083333333
0 0.6339843750 0.4125000000 0.0304687500 0.0125000000
0 0.6947265625 0.4201388889 0.0355468750 0.0222222222
0 0.8572265625 0.4451388889 0.0308593750 0.0180555556
0 0.2775390625 0.4531250000 0.0121093750 0.0090277778
0 0.8886718750 0.4631944444 0.0312500000 0.0236111111
0 0.8394531250 0.4618055556 0.0203125000 0.0138888889
0 0.4927734375 0.4618055556 0.0144531250 0.0097222222
0 0.5841796875 0.4708333333 0.0324218750 0.0138888889
0 0.6339843750 0.4694444444 0.0156250000 0.0111111111
0 0.8500000000 0.4791666667 0.0179687500 0.0138888889
0 0.7582031250 0.4829861111 0.0125000000 0.0048611111
0 0.7236328125 0.4861111111 0.0121093750 0.0055555556
0 0.8367187500 0.4913194444 0.0140625000 0.0118055556
