0 0.8451171875 0.2954861111 0.0457031250 0.0201388889
0 0.2974609375 0.3086805556 0.0246093750 0.0159722222
0 0.5330078125 0.3104166667 0.0121093750 0.0083333333
0 0.4630859375 0.3114583333 0.0222656250 0.0076388889
0 0.3953125000 0.3142361111 0.0242187500 0.0104166667
0 0.4943359375 0.3125000000 0.0152343750 0.0069444444
0 0.2500000000 0.3274305556 0.0507812500 0.0312500000
0 0.3925781250 0.3638888889 0.1500000000 0.0625000000
0 0.7617187500 0.3527777778 0.0265625000 0.0236111111
0 0.4144531250 0.3836805556 0.0132812500 0.0118055556
0 0.2250000000 0.3868055556 0.0187500000 0.0125000000
0 0.8019531250 0.4048611111 0.1226562500 0.0388888889
0 0.2291015625 0.3975694444 0.0121093750 0.0062500000
0 0.4750000000 0.4142361111 0.0906250000 0.0326388889
0 0.5625000000 0.4065972222 0.0609375000 0.0173611111
0 0.6556640625 0.4055555556 0.0199218750 0.0097222222
0 0.6878906250 0.4194444444 0.0476562500 0.0291666667
0 0.7339843750 0.4131944444 0.0250000000 0.0125000000
0 0.3634765625 0.4118055556 0.0097656250 0.0055555556
0 0.2281250000 0.4149305556 0.0117187500 0.0090277778
0 0.5306640625 0.4218750000 0.0183593750 0.0145833333
0 0.6404296875 0.4267361111 0.0167968750 0.0104166667
0 0.8591796875 0.4430555556 0.0222656250 0.0138888889
0 0.2738281250 0.4489583333 0.0125000000 0.0090277778
0 0.5710937500 0.4666666667 0.0125000000 0.0111111111
0 0.8478515625 0.4732638889 0.0199218750 0.0090277778
0 0.8861328125 0.4753472222 0.0152343750 0.0118055556
0 0.7205078125 0.4826388889 0.0121093750 0.0055555556
