0 0.8974609375 0.2135416667 0.0449218750 0.0284722222
0 0.7361328125 0.2170138889 0.2503906250 0.0243055556
0 0.5769531250 0.2201388889 0.0210937500 0.0097222222
0 0.2312500000 0.2270833333 0.0351562500 0.0180555556
0 0.2814453125 0.2284722222 0.0277343750 0.0208333333
0 0.3292968750 0.2284722222 0.0328125000 0.0208333333
0 0.1664062500 0.2253472222 0.0171875000 0.0131944444
0 0.4039062500 0.2288194444 0.0500000000 0.0145833333
0 0.8656250000 0.3815972222 0.0156250000 0.0118055556
0 0.4529296875 0.4048611111 0.1160156250 0.0319444444
0 0.5556640625 0.3913194444 0.0105468750 0.0062500000
0 0.2492187500 0.4159722222 0.0343750000 0.0263888889
0 0.4023437500 0.4218750000 0.0265625000 0.0215277778
0 0.3488281250 0.4170138889 0.0132812500 0.0076388889
0 0.2000000000 0.4350694444 0.0140625000 0.0076388889
0 0.2330078125 0.4385416667 0.0136718750 0.0062500000
0 0.6593750000 0.4541666667 0.0289062500 0.0180555556
0 0.6298828125 0.4677083333 0.0183593750 0.0076388889
0 0.7683593750 0.4798611111 0.0375000000 0.0263888889
0 0.2947265625 0.4906250000 0.0144531250 0.0076388889
0 0.8021484375 0.4902777778 0.0082031250 0.0069444444
