0 0.2630859375 0.3253472222 0.1167968750 0.0354166667
0 0.4558593750 0.3142361111 0.0382812500 0.0131944444
0 0.4095703125 0.3649305556 0.0199218750 0.0118055556
0 0.7816406250 0.3791666667 0.0429687500 0.0319444444
0 0.8380859375 0.3857638889 0.0652343750 0.0368055556
0 0.4714843750 0.3836805556 0.0156250000 0.0090277778
0 0.3429687500 0.3902777778 0.0234375000 0.0208333333
0 0.3960937500 0.3899305556 0.0187500000 0.0145833333
0 0.2064453125 0.3868055556 0.0074218750 0.0055555556
0 0.2335937500 0.3961805556 0.0203125000 0.0145833333
0 0.5009765625 0.3947916667 0.0191406250 0.0118055556
0 0.5316406250 0.3944444444 0.0125000000 0.0069444444
0 0.6808593750 0.4465277778 0.1804687500 0.1069444444
0 0.5621093750 0.4062500000 0.0437500000 0.0222222222
0 0.7951171875 0.4072916667 0.0246093750 0.0201388889
0 0.8583984375 0.4131944444 0.0363281250 0.0138888889
0 0.5736328125 0.4184027778 0.0128906250 0.0062500000
0 0.4384765625 0.4267361111 0.0542968750 0.0159722222
0 0.4980468750 0.4340277778 0.0453125000 0.0194444444
0 0.5312500000 0.4326388889 0.0148437500 0.0111111111
0 0.6187500000 0.4434027778 0.0296875000 0.0131944444
0 0.6886718750 0.4451388889 0.0203125000 0.0125000000
0 0.5156250000 0.4475694444 0.0101562500 0.0076388889
0 0.7652343750 0.4590277778 0.0117187500 0.0069444444
0 0.5632812500 0.4694444444 0.0375000000 0.0263888889
0 0.8751953125 0.4614583333 0.0097656250 0.0076388889
0 0.6814453125 0.4850694444 0.0683593750 0.0298611111
0 0.8695312500 0.4777777778 0.0078125000 0.0069444444
0 0.9072265625 0.4805555556 0.0253906250 0.0083333333
0 0.8884765625 0.4885416667 0.0121093750 0.0090277778
0 0.9087890625 0.4951388889 0.0222656250 0.0097222222
