0 0.3009765625 0.1482638889 0.0253906250 0.0159722222
0 0.3283203125 0.1468750000 0.0128906250 0.0104166667
0 0.4318359375 0.1510416667 0.1566406250 0.0187500000
0 0.4722656250 0.3552083333 0.0632812500 0.0159722222
0 0.5857421875 0.3520833333 0.0230468750 0.0097222222
0 0.2929687500 0.3635416667 0.0984375000 0.0298611111
0 0.5523437500 0.3531250000 0.0117187500 0.0104166667
0 0.4072265625 0.3656250000 0.0183593750 0.0145833333
0 0.3800781250 0.3760416667 0.0164062500 0.0131944444
0 0.7888671875 0.3819444444 0.0238281250 0.0208333333
0 0.8375000000 0.3944444444 0.0429687500 0.0305555556
0 0.7822265625 0.4125000000 0.0230468750 0.0097222222
0 0.7953125000 0.4208333333 0.0242187500 0.0069444444
0 0.7156250000 0.4253472222 0.0148437500 0.0118055556
0 0.5496093750 0.4236111111 0.0078125000 0.0055555556
0 0.8240234375 0.4253472222 0.0136718750 0.0090277778
0 0.7490234375 0.4447916667 0.0574218750 0.0395833333
0 0.7007812500 0.4288194444 0.0109375000 0.0062500000
0 0.8240234375 0.4440972222 0.0613281250 0.0312500000
0 0.4564453125 0.4427083333 0.0574218750 0.0256944444
0 0.6894531250 0.4420138889 0.0367187500 0.0187500000
0 0.6347656250 0.4531250000 0.0578125000 0.0326388889
0 0.5142578125 0.4583333333 0.0996093750 0.0347222222
0 0.5859375000 0.4541666667 0.0273437500 0.0166666667
0 0.6326171875 0.4746527778 0.0113281250 0.0076388889
0 0.8570312500 0.4743055556 0.0179687500 0.0069444444
0 0.9148437500 0.4767361111 0.0101562500 0.0076388889
0 0.9160156250 0.4968750000 0.0078125000 0.0062500000
