0 0.8511718750 0.2982638889 0.0984375000 0.0173611111
0 0.6199218750 0.3034722222 0.0148437500 0.0069444444
0 0.5023437500 0.3076388889 0.0531250000 0.0138888889
0 0.4306640625 0.3079861111 0.0386718750 0.0104166667
0 0.5880859375 0.3076388889 0.0199218750 0.0097222222
0 0.8808593750 0.3496527778 0.0781250000 0.0687500000
0 0.2218750000 0.3791666667 0.0140625000 0.0083333333
0 0.4593750000 0.3812500000 0.0062500000 0.0055555556
0 0.8199218750 0.4013888889 0.1132812500 0.0430555556
0 0.7451171875 0.3944444444 0.0285156250 0.0222222222
0 0.5136718750 0.3975694444 0.0460937500 0.0243055556
0 0.2373046875 0.3916666667 0.0105468750 0.0083333333
0 0.6191406250 0.4013888889 0.0187500000 0.0138888889
0 0.5375000000 0.4038194444 0.0187500000 0.0159722222
0 0.4152343750 0.4000000000 0.0093750000 0.0069444444
0 0.7292968750 0.4163194444 0.1007812500 0.0395833333
0 0.5679687500 0.4083333333 0.0289062500 0.0166666667
0 0.2480468750 0.4055555556 0.0281250000 0.0083333333
0 0.4673828125 0.4180555556 0.1121093750 0.0319444444
0 0.4734375000 0.4079861111 0.0125000000 0.0076388889
0 0.2359375000 0.4156250000 0.0085937500 0.0062500000
0 0.6525390625 0.4246527778 0.0308593750 0.0229166667
0 0.5933593750 0.4281250000 0.0101562500 0.0090277778
0 0.6142578125 0.4302083333 0.0089843750 0.0076388889
0 0.8937500000 0.4333333333 0.0187500000 0.0097222222
0 0.5181640625 0.4673611111 0.0144531250 0.0083333333
0 0.8601562500 0.4760416667 0.0187500000 0.0159722222
0 0.6000000000 0.4750000000 0.0093750000 0.0041666667
0 0.5572265625 0.4791666667 0.0097656250 0.0083333333
0 0.2228515625 0.4802083333 0.0082031250 0.0062500000
0 0.7751953125 0.4864583333 0.0097656250 0.0048611111
