0 0.9029296875 0.2177083333 0.0339843750 0.0229166667
0 0.7576171875 0.2232638889 0.0136718750 0.0118055556
0 0.3896484375 0.2350694444 0.0183593750 0.0090277778
0 0.8285156250 0.3833333333 0.0710937500 0.0236111111
0 0.5380859375 0.3930555556 0.0089843750 0.0055555556
0 0.5742187500 0.3961805556 0.0195312500 0.0118055556
0 0.6708984375 0.3958333333 0.0144531250 0.0125000000
0 0.4906250000 0.3979166667 0.0554687500 0.0125000000
0 0.4271484375 0.3986111111 0.0503906250 0.0125000000
0 0.8630859375 0.4343750000 0.0738281250 0.0368055556
0 0.4814453125 0.4576388889 0.0347656250 0.0208333333
0 0.5880859375 0.4628472222 0.0128906250 0.0076388889
0 0.3503906250 0.4739583333 0.0281250000 0.0145833333
0 0.5603515625 0.4736111111 0.0105468750 0.0083333333
0 0.7607421875 0.4836805556 0.0957031250 0.0270833333
0 0.5761718750 0.4795138889 0.0156250000 0.0104166667
0 0.3714843750 0.4798611111 0.0062500000 0.0055555556
0 0.5191406250 0.4809027778 0.0093750000 0.0062500000
0 0.2390625000 0.4892361111 0.0289062500 0.0215277778
0 0.6509765625 0.4847222222 0.0113281250 0.0097222222
0 0.6060546875 0.4909722222 0.0191406250 0.0125000000
0 0.4919921875 0.4920138889 0.0144531250 0.0118055556
0 0.5257812500 0.4937500000 0.0171875000 0.0125000000
0 0.6843750000 0.4934027778 0.0312500000 0.0131944444
0 0.3732421875 0.4940972222 0.0191406250 0.0118055556
0 0.5486328125 0.4940972222 0.0136718750 0.0118055556
0 0.5650390625 0.4937500000 0.0097656250 0.0069444444
0 0.4287109375 0.4961805556 0.0207031250 0.0076388889
