0 0.2214843750 0.1277777778 0.0343750000 0.0152777778
0 0.2638671875 0.2572916667 0.0121093750 0.0062500000
0 0.4410156250 0.2607638889 0.0460937500 0.0131944444
0 0.5423828125 0.2579861111 0.0160156250 0.0076388889
0 0.4828125000 0.2597222222 0.0109375000 0.0083333333
0 0.5013671875 0.2597222222 0.0089843750 0.0055555556
0 0.3554687500 0.2670138889 0.0156250000 0.0104166667
0 0.2466796875 0.2680555556 0.0175781250 0.0083333333
0 0.8386718750 0.3031250000 0.0164062500 0.0131944444
0 0.8044921875 0.3187500000 0.0089843750 0.0055555556
0 0.7523437500 0.3309027778 0.0164062500 0.0118055556
0 0.8080078125 0.3444444444 0.0769531250 0.0333333333
0 0.4269531250 0.3451388889 0.0109375000 0.0097222222
0 0.7548828125 0.3496527778 0.0214843750 0.0159722222
0 0.2386718750 0.3548611111 0.0296875000 0.0250000000
0 0.3253906250 0.3541666667 0.0156250000 0.0138888889
0 0.4855468750 0.3611111111 0.0273437500 0.0236111111
0 0.5542968750 0.3541666667 0.0210937500 0.0083333333
0 0.3734375000 0.3607638889 0.0140625000 0.0118055556
0 0.7025390625 0.3659722222 0.0222656250 0.0111111111
0 0.4429687500 0.3666666667 0.0101562500 0.0083333333
0 0.5193359375 0.3659722222 0.0152343750 0.0083333333
0 0.7300781250 0.3694444444 0.0117187500 0.0069444444
0 0.6734375000 0.3746527778 0.0140625000 0.0118055556
0 0.5369140625 0.3756944444 0.0136718750 0.0111111111
0 0.6320312500 0.3788194444 0.0140625000 0.0062500000
0 0.8384765625 0.3850694444 0.0136718750 0.0090277778
0 0.8851562500 0.4190972222 0.0117187500 0.0076388889
0 0.8474609375 0.4413194444 0.0082031250 0.0062500000
0 0.8880859375 0.4489583333 0.0332031250 0.0215277778
0 0.8550781250 0.4843750000 0.0351562500 0.0312500000
0 0.4929687500 0.4784722222 0.0171875000 0.0069444444
0 0.5417968750 0.4791666667 0.0093750000 0.0069444444
