0 0.2875000000 0.3003472222 0.1031250000 0.0340277778
0 0.8781250000 0.2934027778 0.0625000000 0.0201388889
0 0.4031250000 0.3097222222 0.0429687500 0.0208333333
0 0.2119140625 0.3118055556 0.0136718750 0.0097222222
0 0.5806640625 0.3458333333 0.0214843750 0.0152777778
0 0.6853515625 0.3680555556 0.0207031250 0.0180555556
0 0.7419921875 0.3899305556 0.0535156250 0.0423611111
0 0.6687500000 0.3795138889 0.0210937500 0.0145833333
0 0.9095703125 0.3763888889 0.0207031250 0.0097222222
0 0.5337890625 0.3913194444 0.0472656250 0.0298611111
0 0.5892578125 0.3878472222 0.0339843750 0.0118055556
0 0.9056640625 0.3944444444 0.0285156250 0.0222222222
0 0.2515625000 0.3875000000 0.0156250000 0.0055555556
0 0.4679687500 0.3920138889 0.0414062500 0.0131944444
0 0.2285156250 0.4024305556 0.0171875000 0.0118055556
0 0.5609375000 0.4184027778 0.0148437500 0.0118055556
0 0.8824218750 0.4309027778 0.0226562500 0.0131944444
0 0.8455078125 0.4451388889 0.0097656250 0.0083333333
0 0.8962890625 0.4527777778 0.0144531250 0.0125000000
0 0.8728515625 0.4673611111 0.0167968750 0.0069444444
0 0.7951171875 0.4840277778 0.0175781250 0.0097222222
0 0.8513671875 0.4822916667 0.0175781250 0.0062500000
0 0.8964843750 0.4840277778 0.0468750000 0.0111111111
