0 0.3085937500 0.3357638889 0.0195312500 0.0145833333
0 0.5427734375 0.3368055556 0.0199218750 0.0069444444
0 0.4919921875 0.3395833333 0.0628906250 0.0097222222
0 0.4226562500 0.3413194444 0.0359375000 0.0104166667
0 0.2535156250 0.3559027778 0.0750000000 0.0326388889
0 0.4306640625 0.4114583333 0.0105468750 0.0090277778
0 0.7722656250 0.4340277778 0.0851562500 0.0500000000
0 0.5214843750 0.4222222222 0.0125000000 0.0097222222
0 0.3449218750 0.4343750000 0.0382812500 0.0215277778
0 0.4794921875 0.4392361111 0.0121093750 0.0104166667
0 0.4195312500 0.4475694444 0.0468750000 0.0243055556
0 0.6568359375 0.4541666667 0.1324218750 0.0375000000
0 0.6404296875 0.4454861111 0.0175781250 0.0090277778
0 0.5335937500 0.4576388889 0.0375000000 0.0194444444
0 0.5744140625 0.4625000000 0.0238281250 0.0138888889
0 0.8718750000 0.4701388889 0.0218750000 0.0166666667
0 0.2871093750 0.4774305556 0.0164062500 0.0076388889
