0 0.8531250000 0.2628472222 0.0460937500 0.0201388889
0 0.3945312500 0.3086805556 0.0117187500 0.0076388889
0 0.4230468750 0.3496527778 0.0085937500 0.0076388889
0 0.8119140625 0.3708333333 0.1316406250 0.0430555556
0 0.7138671875 0.3642361111 0.0097656250 0.0062500000
0 0.7539062500 0.3659722222 0.0085937500 0.0069444444
0 0.3638671875 0.3753472222 0.0230468750 0.0173611111
0 0.4501953125 0.3795138889 0.0316406250 0.0215277778
0 0.5621093750 0.3774305556 0.0429687500 0.0159722222
0 0.6949218750 0.3843750000 0.0312500000 0.0187500000
0 0.4878906250 0.3881944444 0.0414062500 0.0208333333
0 0.7765625000 0.3857638889 0.0179687500 0.0159722222
0 0.8626953125 0.4104166667 0.0308593750 0.0152777778
0 0.8958984375 0.4416666667 0.0113281250 0.0097222222
0 0.9058593750 0.4649305556 0.0281250000 0.0145833333
0 0.8398437500 0.4729166667 0.0148437500 0.0097222222
0 0.8871093750 0.4781250000 0.0203125000 0.0145833333
0 0.8611328125 0.4809027778 0.0097656250 0.0034722222
