0 0.1353515625 0.2100694444 0.0269531250 0.0215277778
0 0.3564453125 0.2048611111 0.0386718750 0.0097222222
0 0.4126953125 0.2045138889 0.0292968750 0.0090277778
0 0.4980468750 0.2038194444 0.0101562500 0.0090277778
0 0.8101562500 0.3631944444 0.0210937500 0.0152777778
0 0.8720703125 0.3666666667 0.0785156250 0.0194444444
0 0.7734375000 0.3666666667 0.0125000000 0.0069444444
0 0.4937500000 0.3819444444 0.0570312500 0.0083333333
0 0.4152343750 0.3847222222 0.0148437500 0.0111111111
0 0.4357421875 0.3847222222 0.0074218750 0.0055555556
0 0.2832031250 0.3888888889 0.0164062500 0.0125000000
0 0.7177734375 0.4315972222 0.0074218750 0.0062500000
0 0.8605468750 0.4708333333 0.0742187500 0.0458333333
0 0.7822265625 0.4718750000 0.0605468750 0.0409722222
0 0.5214843750 0.4638888889 0.0132812500 0.0069444444
0 0.3464843750 0.4770833333 0.0375000000 0.0208333333
0 0.5595703125 0.4788194444 0.0214843750 0.0145833333
0 0.4931640625 0.4750000000 0.0097656250 0.0041666667
0 0.4808593750 0.4812500000 0.0109375000 0.0097222222
0 0.5976562500 0.4906250000 0.0164062500 0.0076388889
0 0.5337890625 0.4954861111 0.0144531250 0.0090277778
