0 0.8656250000 0.3239583333 0.0726562500 0.0201388889
0 0.5546875000 0.3236111111 0.0203125000 0.0083333333
0 0.2662109375 0.3385416667 0.1160156250 0.0354166667
0 0.3789062500 0.3302083333 0.0132812500 0.0104166667
0 0.3980468750 0.3277777778 0.0125000000 0.0069444444
0 0.4447265625 0.3503472222 0.0152343750 0.0118055556
0 0.4689453125 0.3500000000 0.0144531250 0.0125000000
0 0.3693359375 0.3732638889 0.0261718750 0.0173611111
0 0.7873046875 0.3916666667 0.0316406250 0.0097222222
0 0.7525390625 0.3958333333 0.0222656250 0.0152777778
0 0.4261718750 0.3934027778 0.0085937500 0.0062500000
0 0.6804687500 0.4121527778 0.0890625000 0.0381944444
0 0.4455078125 0.4083333333 0.0753906250 0.0291666667
0 0.5156250000 0.4041666667 0.0398437500 0.0166666667
0 0.7728515625 0.4034722222 0.0160156250 0.0097222222
0 0.7953125000 0.4090277778 0.0179687500 0.0138888889
0 0.5740234375 0.4135416667 0.0339843750 0.0201388889
0 0.7812500000 0.4284722222 0.0492187500 0.0277777778
0 0.5488281250 0.4236111111 0.0093750000 0.0083333333
0 0.5142578125 0.4274305556 0.0144531250 0.0118055556
0 0.4962890625 0.4350694444 0.0410156250 0.0201388889
0 0.8074218750 0.4354166667 0.0250000000 0.0138888889
0 0.5550781250 0.4520833333 0.2007812500 0.0333333333
0 0.6779296875 0.4437500000 0.0167968750 0.0111111111
0 0.7078125000 0.4503472222 0.0343750000 0.0173611111
0 0.6669921875 0.4593750000 0.0105468750 0.0076388889
