0 0.2595703125 0.1451388889 0.0160156250 0.0111111111
0 0.3074218750 0.1479166667 0.0335937500 0.0152777778
0 0.3482421875 0.1451388889 0.0121093750 0.0069444444
0 0.4507812500 0.1461805556 0.0109375000 0.0090277778
0 0.5236328125 0.1562500000 0.0167968750 0.0125000000
0 0.7892578125 0.3284722222 0.0160156250 0.0111111111
0 0.8519531250 0.3319444444 0.0335937500 0.0166666667
0 0.5324218750 0.3406250000 0.0085937500 0.0062500000
0 0.4443359375 0.3451388889 0.0496093750 0.0111111111
0 0.3839843750 0.3475694444 0.0195312500 0.0090277778
0 0.2197265625 0.3618055556 0.0199218750 0.0111111111
0 0.3994140625 0.4079861111 0.0316406250 0.0118055556
0 0.8027343750 0.4135416667 0.0085937500 0.0062500000
0 0.6488281250 0.4211805556 0.0148437500 0.0090277778
0 0.8068359375 0.4406250000 0.1917968750 0.0465277778
0 0.5203125000 0.4312500000 0.0250000000 0.0166666667
0 0.3802734375 0.4302083333 0.0261718750 0.0118055556
0 0.4439453125 0.4402777778 0.0128906250 0.0111111111
0 0.6087890625 0.4423611111 0.0363281250 0.0083333333
0 0.5531250000 0.4576388889 0.0585937500 0.0305555556
0 0.4546875000 0.4607638889 0.1195312500 0.0326388889
0 0.6816406250 0.4527777778 0.0195312500 0.0125000000
0 0.6400390625 0.4666666667 0.0464843750 0.0361111111
0 0.6056640625 0.4583333333 0.0230468750 0.0125000000
0 0.6912109375 0.4694444444 0.0347656250 0.0166666667
0 0.5089843750 0.4670138889 0.0179687500 0.0076388889
0 0.8533203125 0.4857638889 0.0175781250 0.0118055556
0 0.8882812500 0.4927083333 0.0101562500 0.0062500000
0 0.2660156250 0.4968750000 0.0109375000 0.0062500000
