0 0.4937500000 0.3128472222 0.0867187500 0.0201388889
0 0.4207031250 0.3222222222 0.0320312500 0.0208333333
0 0.5341796875 0.3739583333 0.0417968750 0.0187500000
0 0.8742187500 0.3690972222 0.0195312500 0.0062500000
0 0.2283203125 0.3798611111 0.0175781250 0.0111111111
0 0.2468750000 0.3916666667 0.0109375000 0.0069444444
0 0.6333984375 0.4017361111 0.0285156250 0.0118055556
0 0.6947265625 0.4093750000 0.0355468750 0.0215277778
0 0.2308593750 0.4076388889 0.0101562500 0.0083333333
0 0.5039062500 0.4145833333 0.0187500000 0.0111111111
0 0.8603515625 0.4274305556 0.0371093750 0.0326388889
0 0.2027343750 0.4204861111 0.0093750000 0.0048611111
0 0.8345703125 0.4392361111 0.0121093750 0.0062500000
0 0.2767578125 0.4423611111 0.0121093750 0.0083333333
0 0.7904296875 0.4458333333 0.0097656250 0.0069444444
0 0.8416015625 0.4510416667 0.0246093750 0.0145833333
0 0.2203125000 0.4545138889 0.0195312500 0.0159722222
0 0.5765625000 0.4607638889 0.0171875000 0.0131944444
0 0.5941406250 0.4579861111 0.0132812500 0.0062500000
0 0.6330078125 0.4579861111 0.0136718750 0.0062500000
0 0.8507812500 0.4680555556 0.0195312500 0.0138888889
0 0.6068359375 0.4739583333 0.0097656250 0.0076388889
0 0.7583984375 0.4722222222 0.0121093750 0.0041666667
0 0.9033203125 0.4857638889 0.0332031250 0.0284722222
0 0.7222656250 0.4774305556 0.0132812500 0.0062500000
0 0.8292968750 0.4937500000 0.0257812500 0.0125000000
