0 0.8460937500 0.2968750000 0.0320312500 0.0131944444
0 0.7958984375 0.4024305556 0.0527343750 0.0284722222
0 0.5554687500 0.4065972222 0.0265625000 0.0187500000
0 0.4539062500 0.4100694444 0.0328125000 0.0159722222
0 0.7060546875 0.4114583333 0.0214843750 0.0159722222
0 0.6232421875 0.4107638889 0.0105468750 0.0048611111
0 0.4835937500 0.4190972222 0.0117187500 0.0104166667
0 0.1681640625 0.4281250000 0.0207031250 0.0118055556
0 0.8707031250 0.4253472222 0.0132812500 0.0076388889
0 0.8601562500 0.4354166667 0.0304687500 0.0236111111
0 0.2759765625 0.4447916667 0.0144531250 0.0062500000
0 0.8908203125 0.4711805556 0.0160156250 0.0118055556
0 0.7962890625 0.4746527778 0.0097656250 0.0048611111
0 0.5326171875 0.4795138889 0.0347656250 0.0131944444
0 0.8513671875 0.4822916667 0.0386718750 0.0187500000
0 0.8384765625 0.4975694444 0.0128906250 0.0048611111
