0 0.8132812500 0.3256944444 0.0171875000 0.0083333333
0 0.8519531250 0.3309027778 0.0351562500 0.0104166667
0 0.6101562500 0.3326388889 0.0140625000 0.0083333333
0 0.5146484375 0.3357638889 0.0214843750 0.0090277778
0 0.5748046875 0.3368055556 0.0191406250 0.0111111111
0 0.4466796875 0.3388888889 0.0894531250 0.0125000000
0 0.3800781250 0.3430555556 0.0164062500 0.0111111111
0 0.3921875000 0.3906250000 0.0515625000 0.0423611111
0 0.3912109375 0.4277777778 0.0964843750 0.0375000000
0 0.2296875000 0.4156250000 0.0109375000 0.0090277778
0 0.7068359375 0.4253472222 0.0902343750 0.0298611111
0 0.4994140625 0.4298611111 0.0464843750 0.0319444444
0 0.7847656250 0.4277777778 0.0343750000 0.0277777778
0 0.3761718750 0.4190972222 0.0117187500 0.0062500000
0 0.4521484375 0.4204861111 0.0144531250 0.0090277778
0 0.6087890625 0.4315972222 0.0199218750 0.0159722222
0 0.5474609375 0.4343750000 0.0589843750 0.0187500000
0 0.7490234375 0.4357638889 0.0277343750 0.0229166667
0 0.5771484375 0.4427083333 0.0167968750 0.0131944444
0 0.6353515625 0.4500000000 0.0480468750 0.0236111111
0 0.5464843750 0.4597222222 0.0296875000 0.0138888889
0 0.5812500000 0.4552083333 0.0078125000 0.0062500000
0 0.6748046875 0.4593750000 0.0160156250 0.0090277778
0 0.6437500000 0.4708333333 0.0125000000 0.0083333333
0 0.9132812500 0.4708333333 0.0132812500 0.0069444444
