0 0.8685546875 0.3201388889 0.1027343750 0.0263888889
0 0.3000000000 0.3319444444 0.0562500000 0.0222222222
0 0.4486328125 0.3461805556 0.0730468750 0.0368055556
0 0.2591796875 0.3458333333 0.0175781250 0.0111111111
0 0.3552734375 0.3569444444 0.0480468750 0.0277777778
0 0.2113281250 0.3697916667 0.0070312500 0.0062500000
0 0.2564453125 0.4038194444 0.0113281250 0.0062500000
0 0.7267578125 0.4100694444 0.0449218750 0.0159722222
0 0.2544921875 0.4145833333 0.0160156250 0.0097222222
0 0.5941406250 0.4312500000 0.0679687500 0.0416666667
0 0.2835937500 0.4152777778 0.0070312500 0.0055555556
0 0.6609375000 0.4239583333 0.0343750000 0.0173611111
0 0.5248046875 0.4274305556 0.0230468750 0.0173611111
0 0.9148437500 0.4520833333 0.0101562500 0.0083333333
0 0.3041015625 0.4545138889 0.0167968750 0.0048611111
0 0.9058593750 0.4652777778 0.0281250000 0.0152777778
0 0.5322265625 0.4805555556 0.0097656250 0.0069444444
0 0.8507812500 0.4965277778 0.0132812500 0.0069444444
