0 0.8644531250 0.2197916667 0.0382812500 0.0187500000
0 0.9058593750 0.2194444444 0.0281250000 0.0180555556
0 0.2712890625 0.2253472222 0.0136718750 0.0090277778
0 0.4320312500 0.2336805556 0.0078125000 0.0062500000
0 0.3949218750 0.2361111111 0.0132812500 0.0069444444
0 0.2250000000 0.2510416667 0.0289062500 0.0145833333
0 0.7955078125 0.3263888889 0.1222656250 0.0416666667
0 0.3794921875 0.3187500000 0.0121093750 0.0097222222
0 0.5287109375 0.3229166667 0.0222656250 0.0097222222
0 0.2417968750 0.3458333333 0.0265625000 0.0222222222
0 0.4849609375 0.3416666667 0.0128906250 0.0111111111
0 0.5480468750 0.3454861111 0.0218750000 0.0145833333
0 0.4216796875 0.3545138889 0.0449218750 0.0215277778
0 0.6986328125 0.3531250000 0.0246093750 0.0173611111
0 0.6539062500 0.3597222222 0.0398437500 0.0250000000
0 0.5833984375 0.3569444444 0.0308593750 0.0166666667
0 0.4705078125 0.3777777778 0.0339843750 0.0208333333
0 0.8683593750 0.3746527778 0.0187500000 0.0104166667
0 0.8246093750 0.3944444444 0.0101562500 0.0083333333
0 0.5347656250 0.4305555556 0.0296875000 0.0097222222
0 0.4906250000 0.4312500000 0.0148437500 0.0069444444
