0 0.5353515625 0.2118055556 0.7691406250 0.0402777778
0 0.8630859375 0.4069444444 0.1136718750 0.0972222222
0 0.4097656250 0.4079861111 0.0921875000 0.0465277778
0 0.4873046875 0.3913194444 0.0089843750 0.0076388889
0 0.2419921875 0.4104166667 0.0457031250 0.0319444444
0 0.3855468750 0.4517361111 0.0125000000 0.0048611111
0 0.8001953125 0.4736111111 0.1160156250 0.0430555556
0 0.7250000000 0.4756944444 0.0265625000 0.0236111111
0 0.4287109375 0.4763888889 0.0207031250 0.0125000000
0 0.2392578125 0.4857638889 0.0386718750 0.0284722222
0 0.3740234375 0.4864583333 0.0230468750 0.0159722222
0 0.4851562500 0.4895833333 0.0281250000 0.0208333333
0 0.5853515625 0.4847222222 0.0066406250 0.0055555556
0 0.5439453125 0.4854166667 0.0128906250 0.0055555556
0 0.2937500000 0.4927083333 0.0164062500 0.0145833333
0 0.5201171875 0.4954861111 0.0199218750 0.0090277778
