0 0.9003906250 0.2975694444 0.0390625000 0.0284722222
0 0.8511718750 0.2944444444 0.0312500000 0.0152777778
0 0.2826171875 0.2996527778 0.0246093750 0.0131944444
0 0.2554687500 0.3121527778 0.0117187500 0.0062500000
0 0.2345703125 0.3274305556 0.0332031250 0.0201388889
0 0.5328125000 0.3670138889 0.0085937500 0.0062500000
0 0.1441406250 0.3711805556 0.0093750000 0.0076388889
0 0.8132812500 0.3930555556 0.0703125000 0.0416666667
0 0.7365234375 0.4052083333 0.0824218750 0.0493055556
0 0.3535156250 0.3930555556 0.0312500000 0.0166666667
0 0.2656250000 0.3916666667 0.0093750000 0.0083333333
0 0.4589843750 0.3993055556 0.0359375000 0.0194444444
0 0.2431640625 0.3947916667 0.0113281250 0.0076388889
0 0.5220703125 0.3965277778 0.0214843750 0.0111111111
0 0.6183593750 0.4017361111 0.0164062500 0.0131944444
0 0.2427734375 0.4038194444 0.0105468750 0.0048611111
0 0.4917968750 0.4104166667 0.0406250000 0.0166666667
0 0.5400390625 0.4118055556 0.0191406250 0.0111111111
0 0.2380859375 0.4260416667 0.0105468750 0.0076388889
0 0.8562500000 0.4430555556 0.0156250000 0.0097222222
0 0.2658203125 0.4583333333 0.0152343750 0.0097222222
0 0.2408203125 0.4597222222 0.0144531250 0.0083333333
0 0.8056640625 0.4708333333 0.0316406250 0.0180555556
0 0.8474609375 0.4756944444 0.0324218750 0.0180555556
0 0.8566406250 0.4854166667 0.0117187500 0.0083333333
