0 0.8564453125 0.3267361111 0.0238281250 0.0131944444
0 0.4628906250 0.3333333333 0.1210937500 0.0125000000
0 0.3789062500 0.3385416667 0.0164062500 0.0104166667
0 0.2037109375 0.3454861111 0.0457031250 0.0145833333
0 0.8439453125 0.3770833333 0.0261718750 0.0222222222
0 0.6832031250 0.3885416667 0.0101562500 0.0090277778
0 0.5005859375 0.4100694444 0.0105468750 0.0048611111
0 0.7576171875 0.4218750000 0.0816406250 0.0270833333
0 0.5044921875 0.4236111111 0.0496093750 0.0236111111
0 0.2275390625 0.4177083333 0.0105468750 0.0090277778
0 0.3707031250 0.4291666667 0.0593750000 0.0263888889
0 0.8722656250 0.4211805556 0.0125000000 0.0090277778
0 0.6218750000 0.4402777778 0.0750000000 0.0402777778
0 0.4154296875 0.4326388889 0.0316406250 0.0222222222
0 0.5453125000 0.4312500000 0.0554687500 0.0194444444
0 0.8541015625 0.4291666667 0.0285156250 0.0152777778
0 0.2464843750 0.4326388889 0.0109375000 0.0083333333
0 0.4619140625 0.4329861111 0.0175781250 0.0090277778
0 0.7451171875 0.4402777778 0.0175781250 0.0111111111
0 0.7833984375 0.4399305556 0.0152343750 0.0118055556
0 0.4613281250 0.4527777778 0.0539062500 0.0138888889
0 0.5445312500 0.4583333333 0.0359375000 0.0180555556
0 0.6423828125 0.4697916667 0.0253906250 0.0145833333
0 0.8521484375 0.4975694444 0.0105468750 0.0048611111
