0 0.2363281250 0.1250000000 0.0335937500 0.0097222222
0 0.2972656250 0.1305555556 0.0125000000 0.0097222222
0 0.2826171875 0.1760416667 0.0136718750 0.0076388889
0 0.2058593750 0.1854166667 0.0078125000 0.0069444444
0 0.1603515625 0.1930555556 0.0097656250 0.0041666667
0 0.8667968750 0.2149305556 0.0562500000 0.0256944444
0 0.6455078125 0.2149305556 0.0175781250 0.0104166667
0 0.5533203125 0.2152777778 0.0082031250 0.0069444444
0 0.6023437500 0.2177083333 0.0234375000 0.0118055556
0 0.6742187500 0.2159722222 0.0093750000 0.0069444444
0 0.4265625000 0.2329861111 0.0914062500 0.0298611111
0 0.3576171875 0.2423611111 0.0253906250 0.0222222222
0 0.2349609375 0.2534722222 0.0136718750 0.0111111111
0 0.5517578125 0.2739583333 0.0292968750 0.0145833333
0 0.2312500000 0.2937500000 0.0203125000 0.0180555556
0 0.7275390625 0.3083333333 0.0574218750 0.0333333333
0 0.5347656250 0.3138888889 0.0945312500 0.0277777778
0 0.6138671875 0.3190972222 0.0355468750 0.0256944444
0 0.6531250000 0.3364583333 0.0093750000 0.0076388889
0 0.8453125000 0.3652777778 0.0281250000 0.0111111111
