0 0.5767578125 0.3395833333 0.1144531250 0.0194444444
0 0.4787109375 0.3500000000 0.0691406250 0.0333333333
0 0.6890625000 0.3375000000 0.0328125000 0.0069444444
0 0.2679687500 0.3527777778 0.0890625000 0.0305555556
0 0.3996093750 0.3531250000 0.0867187500 0.0229166667
0 0.8355468750 0.3746527778 0.0257812500 0.0187500000
0 0.4322265625 0.3826388889 0.0105468750 0.0069444444
0 0.4648437500 0.3934027778 0.0140625000 0.0090277778
0 0.7025390625 0.4065972222 0.0527343750 0.0256944444
0 0.4912109375 0.4024305556 0.0230468750 0.0131944444
0 0.3882812500 0.4041666667 0.0460937500 0.0138888889
0 0.8623046875 0.4017361111 0.0121093750 0.0090277778
0 0.4470703125 0.4069444444 0.0316406250 0.0138888889
0 0.5570312500 0.4131944444 0.0242187500 0.0125000000
0 0.4212890625 0.4135416667 0.0074218750 0.0062500000
0 0.3943359375 0.4305555556 0.0550781250 0.0347222222
0 0.7431640625 0.4329861111 0.0566406250 0.0395833333
0 0.4396484375 0.4284722222 0.0378906250 0.0222222222
0 0.8376953125 0.4347222222 0.0488281250 0.0333333333
0 0.6201171875 0.4375000000 0.0636718750 0.0361111111
0 0.6681640625 0.4326388889 0.0636718750 0.0222222222
0 0.6968750000 0.4270833333 0.0218750000 0.0111111111
0 0.5308593750 0.4472222222 0.1445312500 0.0416666667
0 0.8607421875 0.4645833333 0.0394531250 0.0236111111
0 0.4162109375 0.4805555556 0.0386718750 0.0083333333
0 0.6705078125 0.4802083333 0.0097656250 0.0048611111
0 0.2095703125 0.4878472222 0.0089843750 0.0076388889
0 0.8773437500 0.4951388889 0.0132812500 0.0097222222
