0 0.2847656250 0.2520833333 0.0125000000 0.0069444444
0 0.8480468750 0.2854166667 0.0179687500 0.0083333333
0 0.5066406250 0.2947916667 0.0476562500 0.0145833333
0 0.6009765625 0.2930555556 0.0128906250 0.0069444444
0 0.4083984375 0.3104166667 0.1316406250 0.0347222222
0 0.3316406250 0.3187500000 0.0085937500 0.0041666667
0 0.5605468750 0.3520833333 0.0101562500 0.0083333333
0 0.2333984375 0.3576388889 0.0121093750 0.0055555556
0 0.7337890625 0.3670138889 0.0089843750 0.0076388889
0 0.6972656250 0.3944444444 0.1117187500 0.0541666667
0 0.4964843750 0.3847222222 0.0164062500 0.0138888889
0 0.5554687500 0.3913194444 0.0679687500 0.0270833333
0 0.6097656250 0.3958333333 0.0421875000 0.0305555556
0 0.8542968750 0.4586805556 0.0203125000 0.0173611111
0 0.1904296875 0.4635416667 0.0128906250 0.0076388889
0 0.8242187500 0.4614583333 0.0078125000 0.0048611111
0 0.7779296875 0.4659722222 0.0121093750 0.0097222222
0 0.8849609375 0.4875000000 0.0066406250 0.0055555556
