0 0.8566406250 0.2996527778 0.0273437500 0.0173611111
0 0.8992187500 0.2975694444 0.0125000000 0.0104166667
0 0.2523437500 0.3215277778 0.0953125000 0.0388888889
0 0.5441406250 0.3090277778 0.0125000000 0.0097222222
0 0.5148437500 0.3079861111 0.0265625000 0.0062500000
0 0.4535156250 0.3111111111 0.0500000000 0.0097222222
0 0.3929687500 0.3135416667 0.0203125000 0.0090277778
0 0.3615234375 0.3201388889 0.0113281250 0.0083333333
0 0.4791015625 0.3541666667 0.0183593750 0.0097222222
0 0.3722656250 0.3722222222 0.0265625000 0.0222222222
0 0.4119140625 0.3756944444 0.0222656250 0.0097222222
0 0.4228515625 0.3913194444 0.0246093750 0.0145833333
0 0.6589843750 0.3881944444 0.0117187500 0.0083333333
0 0.8123046875 0.4420138889 0.2152343750 0.1159722222
0 0.3458984375 0.4003472222 0.0230468750 0.0201388889
0 0.3822265625 0.3961805556 0.0152343750 0.0131944444
0 0.5298828125 0.3996527778 0.0261718750 0.0145833333
0 0.6058593750 0.3968750000 0.0109375000 0.0062500000
0 0.4595703125 0.4048611111 0.0207031250 0.0138888889
0 0.5537109375 0.4163194444 0.0363281250 0.0284722222
0 0.6566406250 0.4086805556 0.0179687500 0.0076388889
0 0.4976562500 0.4229166667 0.0617187500 0.0236111111
0 0.3845703125 0.4215277778 0.0238281250 0.0138888889
0 0.4251953125 0.4295138889 0.0503906250 0.0270833333
0 0.6556640625 0.4305555556 0.0347656250 0.0277777778
0 0.7017578125 0.4315972222 0.0363281250 0.0229166667
0 0.5841796875 0.4329861111 0.0277343750 0.0145833333
0 0.6406250000 0.4472222222 0.0125000000 0.0083333333
0 0.8630859375 0.4506944444 0.0152343750 0.0069444444
0 0.2761718750 0.4638888889 0.0210937500 0.0097222222
0 0.2474609375 0.4652777778 0.0136718750 0.0083333333
0 0.8023437500 0.4829861111 0.0125000000 0.0062500000
0 0.8628906250 0.4909722222 0.0109375000 0.0069444444
