0 0.4486328125 0.2989583333 0.1105468750 0.0256944444
0 0.2539062500 0.2951388889 0.0093750000 0.0055555556
0 0.3912109375 0.3048611111 0.0097656250 0.0083333333
0 0.2345703125 0.3177083333 0.0347656250 0.0159722222
0 0.3994140625 0.3204861111 0.0246093750 0.0159722222
0 0.3351562500 0.3208333333 0.0140625000 0.0111111111
0 0.2062500000 0.3291666667 0.0359375000 0.0166666667
0 0.8748046875 0.3444444444 0.0113281250 0.0083333333
0 0.9150390625 0.3645833333 0.0097656250 0.0083333333
0 0.1841796875 0.3756944444 0.0152343750 0.0097222222
0 0.6597656250 0.3864583333 0.0179687500 0.0159722222
0 0.9035156250 0.4114583333 0.0328125000 0.0243055556
0 0.7789062500 0.4163194444 0.0265625000 0.0145833333
0 0.9021484375 0.4312500000 0.0355468750 0.0263888889
0 0.8152343750 0.4305555556 0.0101562500 0.0055555556
0 0.8902343750 0.4736111111 0.0593750000 0.0527777778
0 0.6871093750 0.4576388889 0.0109375000 0.0069444444
0 0.2968750000 0.4604166667 0.0171875000 0.0083333333
0 0.8490234375 0.4659722222 0.0082031250 0.0041666667
0 0.7521484375 0.4729166667 0.0199218750 0.0152777778
0 0.8218750000 0.4694444444 0.0132812500 0.0097222222
0 0.4542968750 0.4788194444 0.0093750000 0.0062500000
0 0.8820312500 0.4937500000 0.0265625000 0.0125000000
