0 0.8613281250 0.2763888889 0.1171875000 0.0250000000
0 0.4574218750 0.2878472222 0.0937500000 0.0118055556
0 0.5191406250 0.2871527778 0.0148437500 0.0076388889
0 0.2367187500 0.3006944444 0.0273437500 0.0166666667
0 0.7945312500 0.3736111111 0.0617187500 0.0291666667
0 0.8484375000 0.3802083333 0.0570312500 0.0395833333
0 0.7480468750 0.3694444444 0.0265625000 0.0125000000
0 0.5281250000 0.3708333333 0.0171875000 0.0083333333
0 0.8785156250 0.3802083333 0.0265625000 0.0215277778
0 0.5013671875 0.3812500000 0.0214843750 0.0180555556
0 0.4466796875 0.3944444444 0.1519531250 0.0402777778
0 0.5373046875 0.3840277778 0.0183593750 0.0152777778
0 0.6876953125 0.4052083333 0.1066406250 0.0590277778
0 0.5623046875 0.3885416667 0.0167968750 0.0131944444
0 0.7982421875 0.3958333333 0.0191406250 0.0152777778
0 0.5888671875 0.3961805556 0.0121093750 0.0104166667
0 0.2376953125 0.3979166667 0.0144531250 0.0097222222
0 0.7705078125 0.4010416667 0.0175781250 0.0104166667
0 0.5753906250 0.4131944444 0.0484375000 0.0194444444
0 0.6169921875 0.4097222222 0.0152343750 0.0111111111
0 0.8945312500 0.4138888889 0.0179687500 0.0097222222
0 0.8437500000 0.4420138889 0.0164062500 0.0076388889
0 0.2216796875 0.4607638889 0.0082031250 0.0062500000
0 0.7722656250 0.4666666667 0.0171875000 0.0125000000
0 0.7417968750 0.4798611111 0.0101562500 0.0083333333
0 0.4941406250 0.4822916667 0.0070312500 0.0062500000
0 0.8912109375 0.4854166667 0.0066406250 0.0055555556
0 0.8337890625 0.4940972222 0.0089843750 0.0062500000
