0 0.1759765625 0.1236111111 0.0160156250 0.0069444444
0 0.2306640625 0.1263888889 0.0160156250 0.0125000000
0 0.3410156250 0.1222222222 0.0132812500 0.0041666667
0 0.2621093750 0.1440972222 0.0132812500 0.0118055556
0 0.9162109375 0.2065972222 0.0074218750 0.0062500000
0 0.4515625000 0.2177083333 0.0531250000 0.0201388889
0 0.2480468750 0.2159722222 0.0156250000 0.0069444444
0 0.2449218750 0.2336805556 0.0296875000 0.0243055556
0 0.3943359375 0.2420138889 0.0183593750 0.0145833333
0 0.1937500000 0.2486111111 0.0179687500 0.0138888889
0 0.8775390625 0.2652777778 0.0113281250 0.0083333333
0 0.6318359375 0.3180555556 0.0347656250 0.0138888889
0 0.7816406250 0.3420138889 0.0085937500 0.0062500000
0 0.8880859375 0.4166666667 0.0144531250 0.0097222222
0 0.8699218750 0.4364583333 0.0500000000 0.0354166667
0 0.4921875000 0.4270833333 0.0156250000 0.0083333333
