0 0.4451171875 0.1583333333 0.4996093750 0.0333333333
0 0.7441406250 0.1493055556 0.0664062500 0.0152777778
0 0.8382812500 0.1482638889 0.0359375000 0.0131944444
0 0.7923828125 0.1520833333 0.0238281250 0.0166666667
0 0.2869140625 0.3725694444 0.0785156250 0.0312500000
0 0.4855468750 0.3638888889 0.0062500000 0.0055555556
0 0.7220703125 0.4059027778 0.0175781250 0.0131944444
0 0.4437500000 0.4288194444 0.0164062500 0.0104166667
0 0.9144531250 0.4295138889 0.0109375000 0.0090277778
0 0.4960937500 0.4350694444 0.0140625000 0.0118055556
0 0.6355468750 0.4364583333 0.0093750000 0.0076388889
0 0.8076171875 0.4486111111 0.0597656250 0.0277777778
0 0.4367187500 0.4500000000 0.0796875000 0.0263888889
0 0.7386718750 0.4555555556 0.0875000000 0.0375000000
0 0.6080078125 0.4482638889 0.0402343750 0.0159722222
0 0.5148437500 0.4524305556 0.0710937500 0.0201388889
0 0.6712890625 0.4600694444 0.0503906250 0.0284722222
0 0.6318359375 0.4572916667 0.0105468750 0.0076388889
0 0.5546875000 0.4645833333 0.0273437500 0.0152777778
0 0.4652343750 0.4638888889 0.0085937500 0.0069444444
0 0.5910156250 0.4732638889 0.0468750000 0.0201388889
0 0.6457031250 0.4715277778 0.0148437500 0.0111111111
0 0.8992187500 0.4857638889 0.0164062500 0.0104166667
