0 0.2400390625 0.1243055556 0.0175781250 0.0083333333
0 0.3029296875 0.1892361111 0.0074218750 0.0062500000
0 0.2783203125 0.2340277778 0.0128906250 0.0111111111
0 0.3423828125 0.2447916667 0.0097656250 0.0076388889
0 0.2873046875 0.2548611111 0.0824218750 0.0250000000
0 0.4470703125 0.2513888889 0.0214843750 0.0097222222
0 0.3917968750 0.2559027778 0.0109375000 0.0048611111
0 0.2412109375 0.2711805556 0.0160156250 0.0118055556
0 0.8857421875 0.2864583333 0.0199218750 0.0173611111
0 0.7695312500 0.2826388889 0.0109375000 0.0083333333
0 0.8333984375 0.3020833333 0.0105468750 0.0055555556
0 0.5517578125 0.3364583333 0.0175781250 0.0118055556
0 0.4677734375 0.3388888889 0.0207031250 0.0125000000
0 0.4320312500 0.3500000000 0.0343750000 0.0194444444
0 0.5914062500 0.3500000000 0.0109375000 0.0097222222
0 0.5351562500 0.3673611111 0.0437500000 0.0208333333
0 0.8679687500 0.3833333333 0.0218750000 0.0138888889
0 0.8878906250 0.3878472222 0.0109375000 0.0048611111
0 0.8140625000 0.4138888889 0.0125000000 0.0069444444
0 0.5285156250 0.4329861111 0.0070312500 0.0062500000
0 0.8824218750 0.4666666667 0.0101562500 0.0083333333
