0 0.0832031250 0.1225694444 0.0062500000 0.0048611111
0 0.8429687500 0.2829861111 0.0554687500 0.0159722222
0 0.2662109375 0.2913194444 0.0144531250 0.0076388889
0 0.4478515625 0.2951388889 0.1324218750 0.0166666667
0 0.5378906250 0.2934027778 0.0257812500 0.0131944444
0 0.3564453125 0.3003472222 0.0167968750 0.0118055556
0 0.2480468750 0.3020833333 0.0171875000 0.0083333333
0 0.7929687500 0.3763888889 0.1039062500 0.0361111111
0 0.8880859375 0.3822916667 0.0636718750 0.0465277778
0 0.4275390625 0.3788194444 0.0128906250 0.0104166667
0 0.4023437500 0.3822916667 0.0296875000 0.0159722222
0 0.7269531250 0.3822916667 0.0226562500 0.0131944444
0 0.6900390625 0.3968750000 0.0230468750 0.0118055556
0 0.5318359375 0.4048611111 0.0417968750 0.0208333333
0 0.7294921875 0.4024305556 0.0121093750 0.0076388889
0 0.6771484375 0.4069444444 0.0230468750 0.0152777778
0 0.5687500000 0.4052083333 0.0132812500 0.0076388889
0 0.5937500000 0.4083333333 0.0187500000 0.0125000000
0 0.4544921875 0.4135416667 0.0152343750 0.0076388889
0 0.8375000000 0.4187500000 0.0132812500 0.0083333333
0 0.7738281250 0.4211805556 0.0179687500 0.0076388889
0 0.9160156250 0.4354166667 0.0078125000 0.0055555556
0 0.2984375000 0.4656250000 0.0093750000 0.0048611111
0 0.8843750000 0.4791666667 0.0375000000 0.0166666667
0 0.7451171875 0.4788194444 0.0464843750 0.0131944444
0 0.8201171875 0.4767361111 0.0160156250 0.0090277778
0 0.4363281250 0.4809027778 0.0109375000 0.0090277778
