0 0.8208984375 0.2329861111 0.0121093750 0.0090277778
0 0.7587890625 0.2375000000 0.0175781250 0.0152777778
0 0.6666015625 0.2451388889 0.0582031250 0.0250000000
0 0.7167968750 0.2395833333 0.0171875000 0.0125000000
0 0.3615234375 0.2503472222 0.3167968750 0.0312500000
0 0.5470703125 0.2423611111 0.0386718750 0.0152777778
0 0.6113281250 0.2434027778 0.0375000000 0.0173611111
0 0.8343750000 0.3934027778 0.0687500000 0.0173611111
0 0.6232421875 0.3979166667 0.0464843750 0.0138888889
0 0.6728515625 0.4006944444 0.0128906250 0.0111111111
0 0.4652343750 0.4034722222 0.1179687500 0.0125000000
0 0.5675781250 0.4048611111 0.0367187500 0.0138888889
0 0.2138671875 0.4201388889 0.0574218750 0.0250000000
0 0.4060546875 0.4496527778 0.1222656250 0.0604166667
0 0.6400390625 0.4361111111 0.0386718750 0.0263888889
0 0.5748046875 0.4423611111 0.0441406250 0.0263888889
0 0.7783203125 0.4475694444 0.0449218750 0.0368055556
0 0.4855468750 0.4531250000 0.0429687500 0.0368055556
0 0.8333984375 0.4475694444 0.0621093750 0.0256944444
0 0.6984375000 0.4416666667 0.0140625000 0.0125000000
0 0.6744140625 0.4611111111 0.0308593750 0.0236111111
0 0.5976562500 0.4680555556 0.0289062500 0.0208333333
0 0.7580078125 0.4701388889 0.0097656250 0.0069444444
0 0.3822265625 0.4725694444 0.0105468750 0.0076388889
0 0.4460937500 0.4819444444 0.0343750000 0.0194444444
0 0.5048828125 0.4875000000 0.0503906250 0.0250000000
0 0.6712890625 0.4881944444 0.0660156250 0.0236111111
0 0.7394531250 0.4892361111 0.0437500000 0.0215277778
0 0.3638671875 0.4913194444 0.0402343750 0.0173611111
0 0.5519531250 0.4916666667 0.0679687500 0.0166666667
0 0.7855468750 0.4892361111 0.0203125000 0.0118055556
0 0.8705078125 0.4916666667 0.0113281250 0.0083333333
0 0.4101562500 0.4954861111 0.0320312500 0.0090277778
0 0.6173828125 0.4954861111 0.0386718750 0.0090277778
0 0.4628906250 0.4975694444 0.0070312500 0.0048611111
