0 0.1855468750 0.1243055556 0.0312500000 0.0083333333
0 0.2863281250 0.2635416667 0.0882812500 0.0284722222
0 0.5925781250 0.2534722222 0.0125000000 0.0069444444
0 0.8873046875 0.2590277778 0.0550781250 0.0166666667
0 0.3900390625 0.2677083333 0.0113281250 0.0062500000
0 0.3535156250 0.2833333333 0.0179687500 0.0125000000
0 0.5496093750 0.3142361111 0.0203125000 0.0118055556
0 0.6089843750 0.3194444444 0.0125000000 0.0111111111
0 0.6765625000 0.3336805556 0.0398437500 0.0326388889
0 0.5830078125 0.3395833333 0.0363281250 0.0263888889
0 0.5205078125 0.3496527778 0.0808593750 0.0340277778
0 0.6193359375 0.3555555556 0.0191406250 0.0166666667
0 0.5972656250 0.3621527778 0.0101562500 0.0076388889
0 0.6556640625 0.3673611111 0.0488281250 0.0194444444
0 0.8992187500 0.3784722222 0.0257812500 0.0083333333
0 0.8685546875 0.3895833333 0.0089843750 0.0041666667
0 0.8896484375 0.4152777778 0.0285156250 0.0208333333
0 0.8496093750 0.4187500000 0.0203125000 0.0111111111
0 0.8542968750 0.4288194444 0.0070312500 0.0062500000
0 0.8638671875 0.4972222222 0.0113281250 0.0055555556
