0 0.6673828125 0.1965277778 0.0863281250 0.0125000000
0 0.5929687500 0.1993055556 0.0320312500 0.0152777778
0 0.4275390625 0.2000000000 0.0191406250 0.0138888889
0 0.4906250000 0.1982638889 0.0156250000 0.0118055556
0 0.5212890625 0.2010416667 0.0261718750 0.0173611111
0 0.5542968750 0.1989583333 0.0250000000 0.0118055556
0 0.2482421875 0.2079861111 0.0636718750 0.0284722222
0 0.3298828125 0.2010416667 0.0175781250 0.0131944444
0 0.3914062500 0.2045138889 0.0367187500 0.0215277778
0 0.4574218750 0.2006944444 0.0156250000 0.0097222222
0 0.8726562500 0.3722222222 0.0335937500 0.0166666667
0 0.4160156250 0.3954861111 0.1187500000 0.0368055556
0 0.3355468750 0.4031250000 0.0085937500 0.0034722222
0 0.6232421875 0.4274305556 0.0207031250 0.0076388889
0 0.6431640625 0.4336805556 0.0097656250 0.0076388889
0 0.7343750000 0.4493055556 0.0062500000 0.0055555556
0 0.7093750000 0.4694444444 0.0843750000 0.0375000000
0 0.5615234375 0.4704861111 0.1417968750 0.0326388889
0 0.9150390625 0.4975694444 0.0097656250 0.0048611111
