0 0.8787109375 0.3447916667 0.0628906250 0.0173611111
0 0.3136718750 0.3500000000 0.0296875000 0.0152777778
0 0.6242187500 0.3472222222 0.0210937500 0.0069444444
0 0.2697265625 0.3604166667 0.0496093750 0.0236111111
0 0.4013671875 0.3670138889 0.0347656250 0.0256944444
0 0.2367187500 0.4093750000 0.0117187500 0.0076388889
0 0.5326171875 0.4121527778 0.0128906250 0.0062500000
0 0.4851562500 0.4232638889 0.0210937500 0.0145833333
0 0.7019531250 0.4395833333 0.0593750000 0.0375000000
0 0.5054687500 0.4430555556 0.0390625000 0.0277777778
0 0.5681640625 0.4465277778 0.0730468750 0.0319444444
0 0.7841796875 0.4416666667 0.0339843750 0.0236111111
0 0.6359375000 0.4496527778 0.0492187500 0.0354166667
0 0.5421875000 0.4541666667 0.0164062500 0.0083333333
0 0.2410156250 0.4597222222 0.0117187500 0.0069444444
0 0.8880859375 0.4600694444 0.0105468750 0.0048611111
0 0.8583984375 0.4642361111 0.0128906250 0.0062500000
