0 0.8546875000 0.2711805556 0.0320312500 0.0159722222
0 0.5091796875 0.2795138889 0.0121093750 0.0048611111
0 0.4306640625 0.2829861111 0.0261718750 0.0076388889
0 0.3832031250 0.2850694444 0.0210937500 0.0090277778
0 0.2507812500 0.2892361111 0.0109375000 0.0062500000
0 0.2195312500 0.3017361111 0.0140625000 0.0076388889
0 0.8691406250 0.3315972222 0.0093750000 0.0076388889
0 0.8056640625 0.3510416667 0.0089843750 0.0062500000
0 0.7814453125 0.3798611111 0.1230468750 0.0486111111
0 0.8615234375 0.3722222222 0.0386718750 0.0319444444
0 0.3769531250 0.3663194444 0.0289062500 0.0173611111
0 0.4134765625 0.3649305556 0.0277343750 0.0145833333
0 0.7324218750 0.3656250000 0.0156250000 0.0131944444
0 0.5191406250 0.3732638889 0.0242187500 0.0104166667
0 0.4820312500 0.3968750000 0.1718750000 0.0395833333
0 0.6533203125 0.4024305556 0.0886718750 0.0270833333
0 0.8517578125 0.4225694444 0.0097656250 0.0062500000
0 0.2636718750 0.4357638889 0.0109375000 0.0076388889
0 0.8748046875 0.4451388889 0.0136718750 0.0097222222
0 0.8541015625 0.4628472222 0.0113281250 0.0076388889
0 0.7714843750 0.4739583333 0.0078125000 0.0048611111
