0 0.1259765625 0.1604166667 0.0261718750 0.0180555556
0 0.2986328125 0.1590277778 0.0222656250 0.0152777778
0 0.3833984375 0.1586805556 0.0144531250 0.0118055556
0 0.2251953125 0.1597222222 0.0152343750 0.0097222222
0 0.4419921875 0.3520833333 0.0253906250 0.0083333333
0 0.8587890625 0.3913194444 0.0136718750 0.0118055556
0 0.4955078125 0.4225694444 0.0207031250 0.0076388889
0 0.4255859375 0.4229166667 0.0113281250 0.0041666667
0 0.7892578125 0.4295138889 0.0332031250 0.0187500000
0 0.8693359375 0.4420138889 0.0402343750 0.0354166667
0 0.7123046875 0.4482638889 0.0597656250 0.0409722222
0 0.4318359375 0.4371527778 0.0199218750 0.0173611111
0 0.8306640625 0.4434027778 0.0558593750 0.0215277778
0 0.4009765625 0.4444444444 0.0191406250 0.0166666667
0 0.4531250000 0.4506944444 0.0304687500 0.0222222222
0 0.5562500000 0.4465277778 0.0343750000 0.0138888889
0 0.4843750000 0.4552083333 0.0375000000 0.0284722222
0 0.5878906250 0.4472222222 0.0132812500 0.0083333333
0 0.5205078125 0.4635416667 0.0464843750 0.0215277778
0 0.7783203125 0.4677083333 0.0121093750 0.0104166667
0 0.7707031250 0.4781250000 0.0085937500 0.0048611111
