0 0.2707031250 0.2871527778 0.0242187500 0.0118055556
0 0.4291015625 0.2892361111 0.0183593750 0.0118055556
0 0.4054687500 0.2930555556 0.0109375000 0.0069444444
0 0.2351562500 0.3079861111 0.0421875000 0.0326388889
0 0.2546875000 0.3100694444 0.0125000000 0.0076388889
0 0.2039062500 0.3295138889 0.0117187500 0.0076388889
0 0.2294921875 0.3607638889 0.0113281250 0.0048611111
0 0.8792968750 0.4444444444 0.0234375000 0.0138888889
0 0.8929687500 0.4645833333 0.0539062500 0.0458333333
0 0.8550781250 0.4524305556 0.0414062500 0.0131944444
0 0.4779296875 0.4673611111 0.0324218750 0.0208333333
0 0.5171875000 0.4625000000 0.0195312500 0.0069444444
0 0.8625000000 0.4645833333 0.0125000000 0.0111111111
0 0.5736328125 0.4677083333 0.0121093750 0.0104166667
0 0.4015625000 0.4694444444 0.0093750000 0.0069444444
0 0.8216796875 0.4715277778 0.0160156250 0.0097222222
0 0.6275390625 0.4708333333 0.0113281250 0.0055555556
0 0.4968750000 0.4750000000 0.0250000000 0.0083333333
0 0.4431640625 0.4788194444 0.0269531250 0.0118055556
0 0.6611328125 0.4795138889 0.0160156250 0.0062500000
0 0.5449218750 0.4812500000 0.0062500000 0.0055555556
0 0.8781250000 0.4944444444 0.0320312500 0.0111111111
