0 0.3142578125 0.1243055556 0.0121093750 0.0083333333
0 0.8824218750 0.1239583333 0.0132812500 0.0076388889
0 0.9123046875 0.1256944444 0.0152343750 0.0111111111
0 0.8410156250 0.1263888889 0.0101562500 0.0069444444
0 0.3822265625 0.1361111111 0.0183593750 0.0152777778
0 0.6404296875 0.1586805556 0.0144531250 0.0104166667
0 0.5859375000 0.1795138889 0.1101562500 0.0423611111
0 0.9128906250 0.1770833333 0.0140625000 0.0083333333
0 0.8996093750 0.2048611111 0.0218750000 0.0180555556
0 0.8529296875 0.2215277778 0.0199218750 0.0111111111
0 0.9126953125 0.2225694444 0.0144531250 0.0118055556
0 0.2464843750 0.2263888889 0.0203125000 0.0083333333
0 0.4289062500 0.2416666667 0.0359375000 0.0069444444
0 0.9005859375 0.2461805556 0.0121093750 0.0062500000
0 0.4316406250 0.2524305556 0.0078125000 0.0062500000
0 0.8542968750 0.2611111111 0.0093750000 0.0069444444
0 0.4191406250 0.2645833333 0.0164062500 0.0097222222
0 0.8910156250 0.2774305556 0.0171875000 0.0118055556
0 0.1820312500 0.3020833333 0.0148437500 0.0069444444
0 0.8388671875 0.3236111111 0.0214843750 0.0097222222
0 0.8843750000 0.3944444444 0.0148437500 0.0097222222
0 0.8542968750 0.4020833333 0.0093750000 0.0083333333
0 0.7326171875 0.4576388889 0.1449218750 0.0847222222
0 0.9078125000 0.4368055556 0.0242187500 0.0083333333
0 0.8625000000 0.4798611111 0.0625000000 0.0402777778
