0 0.8585937500 0.2642361111 0.0281250000 0.0145833333
0 0.2650390625 0.2732638889 0.0144531250 0.0076388889
0 0.4345703125 0.2750000000 0.0308593750 0.0125000000
0 0.3566406250 0.2819444444 0.0164062500 0.0111111111
0 0.2470703125 0.2826388889 0.0167968750 0.0083333333
0 0.8078125000 0.3586805556 0.0773437500 0.0340277778
0 0.4269531250 0.3597222222 0.0109375000 0.0097222222
0 0.4853515625 0.3756944444 0.0285156250 0.0236111111
0 0.5488281250 0.3690972222 0.0070312500 0.0062500000
0 0.6958984375 0.3819444444 0.0332031250 0.0138888889
0 0.5191406250 0.3802083333 0.0164062500 0.0090277778
0 0.7292968750 0.3840277778 0.0132812500 0.0083333333
0 0.6728515625 0.3888888889 0.0128906250 0.0111111111
0 0.6318359375 0.3920138889 0.0121093750 0.0062500000
0 0.7722656250 0.4125000000 0.0171875000 0.0069444444
0 0.8873046875 0.4631944444 0.0332031250 0.0222222222
0 0.7578125000 0.4618055556 0.0218750000 0.0083333333
0 0.4472656250 0.4666666667 0.0335937500 0.0152777778
0 0.5847656250 0.4701388889 0.0093750000 0.0083333333
0 0.6060546875 0.4718750000 0.0105468750 0.0090277778
0 0.5201171875 0.4725694444 0.0160156250 0.0076388889
0 0.8589843750 0.4895833333 0.0414062500 0.0208333333
