0 0.0863281250 0.1541666667 0.0125000000 0.0111111111
0 0.2142578125 0.1559027778 0.0167968750 0.0090277778
0 0.7048828125 0.1552083333 0.0089843750 0.0048611111
0 0.4769531250 0.3513888889 0.0578125000 0.0111111111
0 0.4251953125 0.3513888889 0.0277343750 0.0083333333
0 0.1957031250 0.3645833333 0.0242187500 0.0111111111
0 0.2320312500 0.3628472222 0.0140625000 0.0062500000
0 0.8421875000 0.3965277778 0.0242187500 0.0180555556
0 0.3789062500 0.4041666667 0.0187500000 0.0138888889
0 0.5003906250 0.4281250000 0.0109375000 0.0048611111
0 0.7345703125 0.4326388889 0.0253906250 0.0125000000
0 0.7875000000 0.4368055556 0.0218750000 0.0138888889
0 0.5009765625 0.4427083333 0.0425781250 0.0215277778
0 0.8716796875 0.4385416667 0.0113281250 0.0090277778
0 0.3808593750 0.4475694444 0.0390625000 0.0243055556
0 0.7615234375 0.4531250000 0.0574218750 0.0340277778
0 0.6283203125 0.4562500000 0.0621093750 0.0361111111
0 0.5447265625 0.4496527778 0.0558593750 0.0201388889
0 0.6882812500 0.4465277778 0.0289062500 0.0138888889
0 0.8613281250 0.4496527778 0.0117187500 0.0090277778
0 0.4626953125 0.4510416667 0.0175781250 0.0090277778
0 0.6808593750 0.4663194444 0.0289062500 0.0243055556
0 0.4947265625 0.4604166667 0.0089843750 0.0069444444
0 0.4078125000 0.4642361111 0.0078125000 0.0048611111
0 0.4615234375 0.4701388889 0.0535156250 0.0125000000
0 0.5968750000 0.4708333333 0.0351562500 0.0138888889
0 0.5394531250 0.4753472222 0.0445312500 0.0159722222
0 0.6419921875 0.4868055556 0.0128906250 0.0097222222
