0 0.2630859375 0.1722222222 0.0214843750 0.0152777778
0 0.7572265625 0.3704861111 0.0121093750 0.0090277778
0 0.8820312500 0.3770833333 0.0468750000 0.0166666667
0 0.7970703125 0.3746527778 0.0097656250 0.0062500000
0 0.6466796875 0.3774305556 0.0160156250 0.0076388889
0 0.2884765625 0.3895833333 0.0972656250 0.0291666667
0 0.4699218750 0.3791666667 0.0187500000 0.0083333333
0 0.6162109375 0.3788194444 0.0136718750 0.0090277778
0 0.5294921875 0.3802083333 0.0128906250 0.0090277778
0 0.4115234375 0.4177083333 0.0753906250 0.0395833333
0 0.5125000000 0.4159722222 0.1078125000 0.0263888889
0 0.7796875000 0.4187500000 0.0312500000 0.0208333333
0 0.8333984375 0.4336805556 0.0160156250 0.0118055556
0 0.5826171875 0.4652777778 0.1246093750 0.0486111111
0 0.8646484375 0.4493055556 0.0121093750 0.0083333333
0 0.7818359375 0.4677083333 0.0839843750 0.0423611111
0 0.6730468750 0.4635416667 0.0351562500 0.0298611111
0 0.5267578125 0.4562500000 0.0128906250 0.0111111111
0 0.3785156250 0.4715277778 0.1007812500 0.0361111111
0 0.4568359375 0.4701388889 0.0371093750 0.0250000000
0 0.8683593750 0.4729166667 0.0640625000 0.0277777778
0 0.4908203125 0.4694444444 0.0160156250 0.0055555556
0 0.5138671875 0.4833333333 0.0121093750 0.0055555556
