0 0.2335937500 0.2576388889 0.0093750000 0.0055555556
0 0.2775390625 0.2878472222 0.0707031250 0.0187500000
0 0.7992187500 0.3548611111 0.0273437500 0.0111111111
0 0.5671875000 0.3572916667 0.0148437500 0.0104166667
0 0.7257812500 0.3684027778 0.0507812500 0.0298611111
0 0.6187500000 0.3642361111 0.0242187500 0.0118055556
0 0.9164062500 0.3625000000 0.0070312500 0.0055555556
0 0.4554687500 0.3677083333 0.0460937500 0.0145833333
0 0.5345703125 0.3670138889 0.0136718750 0.0118055556
0 0.4984375000 0.3697916667 0.0148437500 0.0090277778
0 0.7750000000 0.3750000000 0.0312500000 0.0138888889
0 0.6804687500 0.3795138889 0.0296875000 0.0201388889
0 0.5822265625 0.3864583333 0.0136718750 0.0104166667
0 0.8703125000 0.4194444444 0.0148437500 0.0125000000
0 0.8523437500 0.4225694444 0.0078125000 0.0048611111
0 0.9164062500 0.4583333333 0.0070312500 0.0055555556
0 0.8841796875 0.4732638889 0.0152343750 0.0076388889
0 0.9142578125 0.4968750000 0.0113281250 0.0062500000
