0 0.2402343750 0.1406250000 0.0070312500 0.0062500000
0 0.8832031250 0.3305555556 0.0734375000 0.0277777778
0 0.7369140625 0.3416666667 0.0199218750 0.0111111111
0 0.4939453125 0.3447916667 0.0621093750 0.0159722222
0 0.6404296875 0.3423611111 0.0433593750 0.0111111111
0 0.6794921875 0.3423611111 0.0183593750 0.0111111111
0 0.5712890625 0.3430555556 0.0207031250 0.0083333333
0 0.5429687500 0.3444444444 0.0148437500 0.0097222222
0 0.4431640625 0.3472222222 0.0113281250 0.0097222222
0 0.3150390625 0.3482638889 0.0097656250 0.0076388889
0 0.2830078125 0.3534722222 0.0324218750 0.0166666667
0 0.4164062500 0.3510416667 0.0226562500 0.0104166667
0 0.8583984375 0.3795138889 0.0503906250 0.0187500000
0 0.7236328125 0.3878472222 0.0128906250 0.0076388889
0 0.4333984375 0.4184027778 0.0699218750 0.0354166667
0 0.8482421875 0.4222222222 0.0824218750 0.0416666667
0 0.6320312500 0.4131944444 0.0117187500 0.0083333333
0 0.5271484375 0.4222222222 0.0347656250 0.0125000000
0 0.6066406250 0.4243055556 0.0140625000 0.0125000000
0 0.5072265625 0.4461805556 0.1246093750 0.0326388889
0 0.5337890625 0.4371527778 0.0113281250 0.0090277778
0 0.6955078125 0.4399305556 0.0261718750 0.0145833333
0 0.7976562500 0.4406250000 0.0171875000 0.0145833333
0 0.6263671875 0.4680555556 0.0714843750 0.0472222222
0 0.5621093750 0.4548611111 0.0085937500 0.0041666667
0 0.8482421875 0.4722222222 0.0128906250 0.0069444444
0 0.9035156250 0.4947916667 0.0328125000 0.0104166667
0 0.8685546875 0.4961805556 0.0089843750 0.0076388889
