0 0.2332031250 0.2184027778 0.0109375000 0.0090277778
0 0.8802734375 0.3625000000 0.0222656250 0.0138888889
0 0.7677734375 0.4034722222 0.0144531250 0.0111111111
0 0.4388671875 0.4177083333 0.0113281250 0.0090277778
0 0.4757812500 0.4229166667 0.0156250000 0.0125000000
0 0.6421875000 0.4305555556 0.0093750000 0.0055555556
0 0.8785156250 0.4375000000 0.0187500000 0.0166666667
0 0.4333984375 0.4572916667 0.1597656250 0.0423611111
0 0.7294921875 0.4475694444 0.0152343750 0.0104166667
0 0.7912109375 0.4645833333 0.1058593750 0.0430555556
0 0.7865234375 0.4503472222 0.0199218750 0.0118055556
0 0.5818359375 0.4503472222 0.0113281250 0.0048611111
0 0.8589843750 0.4590277778 0.0265625000 0.0111111111
0 0.6185546875 0.4638888889 0.0316406250 0.0180555556
0 0.6917968750 0.4638888889 0.0507812500 0.0166666667
0 0.5525390625 0.4656250000 0.0589843750 0.0187500000
0 0.6494140625 0.4798611111 0.0300781250 0.0138888889
0 0.5449218750 0.4895833333 0.0085937500 0.0069444444
