0 0.7638671875 0.1472222222 0.0292968750 0.0125000000
0 0.5025390625 0.1527777778 0.0925781250 0.0180555556
0 0.5914062500 0.1513888889 0.0601562500 0.0138888889
0 0.6546875000 0.1486111111 0.0390625000 0.0097222222
0 0.7080078125 0.1496527778 0.0121093750 0.0104166667
0 0.3056640625 0.1559027778 0.1832031250 0.0201388889
0 0.8947265625 0.3458333333 0.0503906250 0.0208333333
0 0.7623046875 0.4225694444 0.0144531250 0.0090277778
0 0.7121093750 0.4277777778 0.0078125000 0.0055555556
0 0.8298828125 0.4413194444 0.0480468750 0.0284722222
0 0.4992187500 0.4406250000 0.0257812500 0.0201388889
0 0.7759765625 0.4364583333 0.0191406250 0.0118055556
0 0.5597656250 0.4461805556 0.0210937500 0.0159722222
0 0.7552734375 0.4520833333 0.0316406250 0.0152777778
0 0.6525390625 0.4611111111 0.0285156250 0.0152777778
0 0.5458984375 0.4684027778 0.0144531250 0.0104166667
