0 0.2302734375 0.1309027778 0.0121093750 0.0090277778
0 0.8603515625 0.2739583333 0.0707031250 0.0187500000
0 0.4628906250 0.2798611111 0.0179687500 0.0055555556
0 0.4167968750 0.2843750000 0.0226562500 0.0090277778
0 0.4802734375 0.3385416667 0.0269531250 0.0187500000
0 0.8830078125 0.3454861111 0.0175781250 0.0104166667
0 0.7302734375 0.3607638889 0.0136718750 0.0104166667
0 0.7941406250 0.3763888889 0.1062500000 0.0430555556
0 0.7892578125 0.3621527778 0.0207031250 0.0118055556
0 0.8625000000 0.3711805556 0.0273437500 0.0131944444
0 0.4226562500 0.3777777778 0.0382812500 0.0222222222
0 0.7093750000 0.3711805556 0.0179687500 0.0076388889
0 0.5619140625 0.3777777778 0.0246093750 0.0166666667
0 0.6226562500 0.3760416667 0.0171875000 0.0145833333
0 0.5308593750 0.3784722222 0.0164062500 0.0125000000
0 0.6863281250 0.3798611111 0.0125000000 0.0097222222
0 0.4529296875 0.3847222222 0.0144531250 0.0069444444
0 0.6531250000 0.3937500000 0.0250000000 0.0138888889
0 0.8863281250 0.4329861111 0.0234375000 0.0159722222
0 0.8201171875 0.4388888889 0.0121093750 0.0097222222
0 0.8478515625 0.4826388889 0.0136718750 0.0097222222
0 0.8871093750 0.4954861111 0.0101562500 0.0090277778
