0 0.2347656250 0.1239583333 0.0351562500 0.0076388889
0 0.2693359375 0.1250000000 0.0136718750 0.0097222222
0 0.2910156250 0.1218750000 0.0132812500 0.0034722222
0 0.3562500000 0.1243055556 0.0125000000 0.0083333333
0 0.8472656250 0.2246527778 0.0890625000 0.0173611111
0 0.4189453125 0.2364583333 0.0386718750 0.0118055556
0 0.4675781250 0.2319444444 0.0078125000 0.0041666667
0 0.2289062500 0.2451388889 0.0187500000 0.0083333333
0 0.3652343750 0.2729166667 0.0500000000 0.0388888889
0 0.4064453125 0.2993055556 0.0175781250 0.0138888889
0 0.8871093750 0.3017361111 0.0101562500 0.0090277778
0 0.3402343750 0.3017361111 0.0078125000 0.0062500000
0 0.3658203125 0.3253472222 0.0519531250 0.0381944444
0 0.5185546875 0.3125000000 0.0113281250 0.0083333333
0 0.7302734375 0.3163194444 0.0488281250 0.0173611111
0 0.5568359375 0.3309027778 0.0277343750 0.0159722222
0 0.6875000000 0.3298611111 0.0226562500 0.0125000000
0 0.4208984375 0.3329861111 0.0277343750 0.0173611111
0 0.5257812500 0.3298611111 0.0156250000 0.0097222222
0 0.6501953125 0.3468750000 0.0222656250 0.0159722222
0 0.4480468750 0.3489583333 0.0101562500 0.0090277778
0 0.5468750000 0.3565972222 0.0265625000 0.0118055556
0 0.6728515625 0.3552083333 0.0105468750 0.0076388889
0 0.8916015625 0.3864583333 0.0207031250 0.0173611111
0 0.8558593750 0.4545138889 0.0093750000 0.0076388889
0 0.8501953125 0.4920138889 0.0183593750 0.0159722222
