0 0.2294921875 0.1222222222 0.0246093750 0.0041666667
0 0.8203125000 0.2510416667 0.0328125000 0.0215277778
0 0.8552734375 0.2607638889 0.0199218750 0.0090277778
0 0.4050781250 0.2670138889 0.0125000000 0.0062500000
0 0.2273437500 0.2732638889 0.0195312500 0.0159722222
0 0.8433593750 0.3111111111 0.0234375000 0.0166666667
0 0.7953125000 0.3600694444 0.1023437500 0.0465277778
0 0.8585937500 0.3427083333 0.0125000000 0.0104166667
0 0.7408203125 0.3461805556 0.0160156250 0.0104166667
0 0.8617187500 0.3576388889 0.0343750000 0.0208333333
0 0.4892578125 0.3597222222 0.0160156250 0.0125000000
0 0.3689453125 0.3635416667 0.0222656250 0.0173611111
0 0.5238281250 0.3631944444 0.0164062500 0.0138888889
0 0.6808593750 0.3625000000 0.0117187500 0.0097222222
0 0.2339843750 0.3635416667 0.0148437500 0.0076388889
0 0.4259765625 0.3635416667 0.0199218750 0.0076388889
0 0.4091796875 0.3770833333 0.0238281250 0.0097222222
0 0.6390625000 0.3781250000 0.0265625000 0.0118055556
0 0.4937500000 0.3819444444 0.0226562500 0.0180555556
0 0.4654296875 0.3840277778 0.0160156250 0.0125000000
0 0.9128906250 0.3986111111 0.0140625000 0.0097222222
0 0.8488281250 0.4340277778 0.0187500000 0.0166666667
0 0.7525390625 0.4774305556 0.0191406250 0.0118055556
0 0.8539062500 0.4913194444 0.0265625000 0.0173611111
