0 0.2275390625 0.1277777778 0.0613281250 0.0152777778
0 0.2802734375 0.1229166667 0.0136718750 0.0055555556
0 0.9101562500 0.1927083333 0.0195312500 0.0131944444
0 0.2789062500 0.2048611111 0.0781250000 0.0305555556
0 0.4933593750 0.1986111111 0.0101562500 0.0041666667
0 0.4589843750 0.2038194444 0.0234375000 0.0104166667
0 0.4339843750 0.2041666667 0.0093750000 0.0069444444
0 0.4326171875 0.2173611111 0.0121093750 0.0069444444
0 0.2308593750 0.2847222222 0.0273437500 0.0152777778
0 0.6197265625 0.2961805556 0.0152343750 0.0076388889
0 0.6724609375 0.2968750000 0.0144531250 0.0090277778
0 0.8759765625 0.4333333333 0.0152343750 0.0097222222
0 0.8953125000 0.4947916667 0.0117187500 0.0104166667
