0 0.2052734375 0.2055555556 0.0628906250 0.0222222222
0 0.7185546875 0.3864583333 0.0660156250 0.0229166667
0 0.6072265625 0.3861111111 0.0144531250 0.0111111111
0 0.7996093750 0.3857638889 0.0164062500 0.0076388889
0 0.8800781250 0.3868055556 0.0101562500 0.0083333333
0 0.6451171875 0.3906250000 0.0269531250 0.0131944444
0 0.3447265625 0.3899305556 0.0246093750 0.0076388889
0 0.8482421875 0.3920138889 0.0183593750 0.0118055556
0 0.2742187500 0.4020833333 0.0960937500 0.0291666667
0 0.4265625000 0.3965277778 0.0648437500 0.0111111111
0 0.4830078125 0.3951388889 0.0105468750 0.0083333333
0 0.3742187500 0.3996527778 0.0156250000 0.0090277778
0 0.5777343750 0.4416666667 0.0914062500 0.0486111111
0 0.6609375000 0.4309027778 0.0328125000 0.0243055556
0 0.4648437500 0.4357638889 0.1117187500 0.0284722222
0 0.8724609375 0.4388888889 0.0464843750 0.0333333333
0 0.7087890625 0.4340277778 0.0488281250 0.0208333333
0 0.8132812500 0.4336805556 0.0359375000 0.0201388889
0 0.3693359375 0.4361111111 0.0558593750 0.0194444444
0 0.3974609375 0.4524305556 0.0105468750 0.0062500000
0 0.7177734375 0.4659722222 0.0457031250 0.0333333333
0 0.3492187500 0.4750000000 0.1000000000 0.0388888889
0 0.8339843750 0.4798611111 0.1007812500 0.0402777778
0 0.4699218750 0.4809027778 0.1804687500 0.0381944444
0 0.6275390625 0.4781250000 0.1183593750 0.0312500000
0 0.4248046875 0.4718750000 0.0261718750 0.0145833333
0 0.7054687500 0.4899305556 0.0585937500 0.0201388889
0 0.5025390625 0.4927083333 0.0167968750 0.0145833333
