0 0.8513671875 0.3010416667 0.0332031250 0.0159722222
0 0.2765625000 0.3059027778 0.0218750000 0.0090277778
0 0.4953125000 0.3104166667 0.0125000000 0.0055555556
0 0.4294921875 0.3131944444 0.0253906250 0.0069444444
0 0.2273437500 0.3253472222 0.0679687500 0.0284722222
0 0.3970703125 0.3750000000 0.0308593750 0.0152777778
0 0.7439453125 0.3708333333 0.0082031250 0.0069444444
0 0.4941406250 0.3815972222 0.0132812500 0.0090277778
0 0.8013671875 0.3815972222 0.0089843750 0.0062500000
0 0.1986328125 0.3888888889 0.0105468750 0.0083333333
0 0.6480468750 0.3892361111 0.0179687500 0.0104166667
0 0.8054687500 0.4086805556 0.1937500000 0.0465277778
0 0.5179687500 0.4000000000 0.0257812500 0.0166666667
0 0.3771484375 0.3986111111 0.0261718750 0.0125000000
0 0.2318359375 0.4065972222 0.0167968750 0.0131944444
0 0.6068359375 0.4111111111 0.0355468750 0.0083333333
0 0.5527343750 0.4152777778 0.0210937500 0.0125000000
0 0.2390625000 0.4208333333 0.0351562500 0.0166666667
0 0.4009765625 0.4260416667 0.0738281250 0.0284722222
0 0.4757812500 0.4277777778 0.0718750000 0.0291666667
0 0.5306640625 0.4267361111 0.0167968750 0.0104166667
0 0.6039062500 0.4277777778 0.0226562500 0.0125000000
0 0.6439453125 0.4340277778 0.0285156250 0.0222222222
0 0.5634765625 0.4322916667 0.0269531250 0.0104166667
0 0.8517578125 0.4548611111 0.0191406250 0.0152777778
0 0.3107421875 0.4586805556 0.0121093750 0.0104166667
0 0.8875000000 0.4597222222 0.0117187500 0.0097222222
0 0.2646484375 0.4656250000 0.0214843750 0.0104166667
0 0.2357421875 0.4663194444 0.0136718750 0.0090277778
0 0.8089843750 0.4743055556 0.0101562500 0.0083333333
0 0.7730468750 0.4809027778 0.0242187500 0.0076388889
