0 0.8771484375 0.3708333333 0.0308593750 0.0138888889
0 0.5386718750 0.3715277778 0.0273437500 0.0097222222
0 0.3183593750 0.3788194444 0.0554687500 0.0159722222
0 0.6046875000 0.3732638889 0.0171875000 0.0062500000
0 0.9078125000 0.3760416667 0.0109375000 0.0076388889
0 0.4082031250 0.3798611111 0.0109375000 0.0069444444
0 0.4369140625 0.3784722222 0.0074218750 0.0055555556
0 0.2757812500 0.3885416667 0.0132812500 0.0076388889
0 0.7167968750 0.4194444444 0.0539062500 0.0347222222
0 0.5548828125 0.4104166667 0.0183593750 0.0138888889
0 0.5769531250 0.4090277778 0.0125000000 0.0111111111
0 0.7873046875 0.4215277778 0.0480468750 0.0208333333
0 0.4144531250 0.4236111111 0.0781250000 0.0222222222
0 0.6363281250 0.4190972222 0.0226562500 0.0145833333
0 0.4876953125 0.4437500000 0.0246093750 0.0166666667
0 0.4162109375 0.4513888889 0.0269531250 0.0180555556
0 0.7554687500 0.4625000000 0.0445312500 0.0250000000
0 0.6330078125 0.4618055556 0.0300781250 0.0208333333
0 0.5763671875 0.4586805556 0.0128906250 0.0076388889
0 0.8503906250 0.4680555556 0.0257812500 0.0222222222
0 0.4566406250 0.4618055556 0.0093750000 0.0083333333
0 0.6841796875 0.4684027778 0.0355468750 0.0187500000
0 0.8029296875 0.4743055556 0.0527343750 0.0291666667
0 0.4785156250 0.4663194444 0.0117187500 0.0034722222
0 0.4277343750 0.4788194444 0.1179687500 0.0243055556
0 0.5335937500 0.4697916667 0.0132812500 0.0076388889
0 0.7113281250 0.4795138889 0.0515625000 0.0173611111
0 0.5763671875 0.4781250000 0.0269531250 0.0118055556
0 0.6310546875 0.4777777778 0.0152343750 0.0069444444
0 0.9066406250 0.4885416667 0.0265625000 0.0229166667
0 0.5400390625 0.4875000000 0.0300781250 0.0125000000
0 0.5085937500 0.4895833333 0.0109375000 0.0055555556
