0 0.8591796875 0.2409722222 0.0386718750 0.0180555556
0 0.9056640625 0.2420138889 0.0285156250 0.0201388889
0 0.4658203125 0.2513888889 0.0144531250 0.0055555556
0 0.4316406250 0.2541666667 0.0195312500 0.0083333333
0 0.2539062500 0.2604166667 0.0109375000 0.0055555556
0 0.2328125000 0.2736111111 0.0328125000 0.0138888889
0 0.7888671875 0.3503472222 0.1230468750 0.0562500000
0 0.4177734375 0.3371527778 0.0261718750 0.0173611111
0 0.7396484375 0.3371527778 0.0152343750 0.0118055556
0 0.3332031250 0.3413194444 0.0179687500 0.0159722222
0 0.5232421875 0.3409722222 0.0214843750 0.0166666667
0 0.3814453125 0.3395833333 0.0199218750 0.0097222222
0 0.7058593750 0.3447916667 0.0132812500 0.0076388889
0 0.6460937500 0.3472222222 0.0140625000 0.0083333333
0 0.6558593750 0.3694444444 0.0195312500 0.0166666667
0 0.8599609375 0.3937500000 0.0121093750 0.0097222222
0 0.8197265625 0.4156250000 0.0089843750 0.0062500000
0 0.2693359375 0.4500000000 0.0082031250 0.0041666667
