0 0.1333984375 0.1416666667 0.0082031250 0.0069444444
0 0.2396484375 0.2878472222 0.0105468750 0.0062500000
0 0.8601562500 0.3013888889 0.0078125000 0.0069444444
0 0.3041015625 0.3187500000 0.0996093750 0.0319444444
0 0.9005859375 0.3107638889 0.0386718750 0.0173611111
0 0.4558593750 0.3250000000 0.0375000000 0.0180555556
0 0.4322265625 0.3347222222 0.0238281250 0.0152777778
0 0.3953125000 0.3402777778 0.0203125000 0.0166666667
0 0.8714843750 0.3881944444 0.0148437500 0.0069444444
0 0.5777343750 0.4569444444 0.0179687500 0.0083333333
0 0.7437500000 0.4538194444 0.0132812500 0.0034722222
0 0.8908203125 0.4847222222 0.0582031250 0.0305555556
0 0.7693359375 0.4729166667 0.0066406250 0.0055555556
0 0.8283203125 0.4736111111 0.0175781250 0.0055555556
0 0.4996093750 0.4805555556 0.0250000000 0.0083333333
0 0.7580078125 0.4850694444 0.0097656250 0.0076388889
