0 0.2302734375 0.1628472222 0.0105468750 0.0062500000
0 0.8818359375 0.3059027778 0.0230468750 0.0145833333
0 0.8589843750 0.3065972222 0.0125000000 0.0090277778
0 0.7501953125 0.3104166667 0.0128906250 0.0069444444
0 0.4615234375 0.3114583333 0.0199218750 0.0062500000
0 0.4117187500 0.3149305556 0.0093750000 0.0076388889
0 0.7683593750 0.3479166667 0.0171875000 0.0152777778
0 0.4802734375 0.3701388889 0.0269531250 0.0194444444
0 0.7658203125 0.3690972222 0.0183593750 0.0159722222
0 0.8818359375 0.3774305556 0.0167968750 0.0104166667
0 0.7306640625 0.3909722222 0.0160156250 0.0111111111
0 0.7880859375 0.3937500000 0.0199218750 0.0111111111
0 0.7906250000 0.4104166667 0.1000000000 0.0388888889
0 0.4931640625 0.4069444444 0.0386718750 0.0263888889
0 0.6933593750 0.4065972222 0.0531250000 0.0201388889
0 0.8611328125 0.4034722222 0.0269531250 0.0138888889
0 0.4275390625 0.4093750000 0.0644531250 0.0229166667
0 0.5320312500 0.4086805556 0.0195312500 0.0173611111
0 0.5652343750 0.4090277778 0.0328125000 0.0180555556
0 0.6191406250 0.4072916667 0.0257812500 0.0159722222
0 0.6501953125 0.4243055556 0.0300781250 0.0138888889
0 0.5449218750 0.4340277778 0.0109375000 0.0097222222
0 0.8833984375 0.4649305556 0.0269531250 0.0159722222
0 0.8466796875 0.4645833333 0.0105468750 0.0055555556
0 0.8220703125 0.4694444444 0.0183593750 0.0125000000
0 0.8878906250 0.4975694444 0.0148437500 0.0048611111
