0 0.9015625000 0.1555555556 0.0367187500 0.0166666667
0 0.7656250000 0.1597222222 0.0187500000 0.0069444444
0 0.6804687500 0.1611111111 0.0117187500 0.0055555556
0 0.8916015625 0.3552083333 0.0246093750 0.0145833333
0 0.8582031250 0.3552083333 0.0109375000 0.0076388889
0 0.5826171875 0.3670138889 0.0441406250 0.0118055556
0 0.4988281250 0.3694444444 0.1000000000 0.0138888889
0 0.6732421875 0.3677083333 0.0222656250 0.0118055556
0 0.2955078125 0.3750000000 0.0644531250 0.0194444444
0 0.4275390625 0.3722222222 0.0089843750 0.0041666667
0 0.8111328125 0.4090277778 0.0441406250 0.0222222222
0 0.5410156250 0.4378472222 0.0125000000 0.0076388889
0 0.8324218750 0.4541666667 0.0507812500 0.0375000000
0 0.8906250000 0.4496527778 0.0164062500 0.0131944444
0 0.4408203125 0.4555555556 0.0308593750 0.0180555556
0 0.4031250000 0.4534722222 0.0171875000 0.0111111111
0 0.6367187500 0.4562500000 0.0195312500 0.0152777778
0 0.6914062500 0.4666666667 0.0976562500 0.0333333333
0 0.7541015625 0.4673611111 0.0417968750 0.0277777778
0 0.8705078125 0.4618055556 0.0128906250 0.0083333333
0 0.5191406250 0.4750000000 0.0789062500 0.0208333333
0 0.5712890625 0.4760416667 0.0136718750 0.0118055556
0 0.5949218750 0.4784722222 0.0187500000 0.0111111111
0 0.8912109375 0.4930555556 0.0230468750 0.0138888889
