0 0.2472656250 0.1222222222 0.0164062500 0.0041666667
0 0.2003906250 0.2215277778 0.0109375000 0.0055555556
0 0.8525390625 0.2309027778 0.0441406250 0.0145833333
0 0.4783203125 0.2486111111 0.0605468750 0.0208333333
0 0.4220703125 0.2545138889 0.0371093750 0.0215277778
0 0.2378906250 0.2625000000 0.0203125000 0.0180555556
0 0.8759765625 0.3013888889 0.0207031250 0.0083333333
0 0.6296875000 0.3340277778 0.0164062500 0.0097222222
0 0.6986328125 0.3416666667 0.0277343750 0.0194444444
0 0.2001953125 0.3527777778 0.0089843750 0.0041666667
0 0.8630859375 0.3645833333 0.0363281250 0.0222222222
0 0.8441406250 0.3805555556 0.0242187500 0.0097222222
0 0.2164062500 0.3850694444 0.0148437500 0.0118055556
0 0.8527343750 0.4000000000 0.0203125000 0.0138888889
0 0.8388671875 0.4267361111 0.0417968750 0.0159722222
0 0.8164062500 0.4402777778 0.0117187500 0.0069444444
0 0.7900390625 0.4420138889 0.0089843750 0.0048611111
0 0.2839843750 0.4493055556 0.0140625000 0.0125000000
0 0.8583984375 0.4711805556 0.0199218750 0.0118055556
0 0.7822265625 0.4746527778 0.0230468750 0.0145833333
0 0.8123046875 0.4711805556 0.0089843750 0.0062500000
0 0.7439453125 0.4746527778 0.0183593750 0.0118055556
0 0.5550781250 0.4854166667 0.0109375000 0.0069444444
