0 0.8472656250 0.2989583333 0.0171875000 0.0104166667
0 0.4429687500 0.3083333333 0.0484375000 0.0097222222
0 0.5056640625 0.3062500000 0.0253906250 0.0055555556
0 0.3869140625 0.3111111111 0.0136718750 0.0083333333
0 0.2207031250 0.3281250000 0.0132812500 0.0062500000
0 0.8683593750 0.3572916667 0.0085937500 0.0076388889
0 0.4037109375 0.3753472222 0.0121093750 0.0062500000
0 0.8044921875 0.3777777778 0.0082031250 0.0055555556
0 0.4138671875 0.3899305556 0.0285156250 0.0173611111
0 0.7798828125 0.4059027778 0.1207031250 0.0479166667
0 0.3363281250 0.3954861111 0.0273437500 0.0215277778
0 0.3791015625 0.3923611111 0.0261718750 0.0166666667
0 0.7343750000 0.3920138889 0.0156250000 0.0131944444
0 0.5191406250 0.4003472222 0.0242187500 0.0104166667
0 0.6451171875 0.4062500000 0.0167968750 0.0083333333
0 0.4560546875 0.4229166667 0.1128906250 0.0388888889
0 0.5923828125 0.4107638889 0.0136718750 0.0118055556
0 0.5431640625 0.4211805556 0.0394531250 0.0215277778
0 0.6443359375 0.4267361111 0.0871093750 0.0243055556
0 0.8734375000 0.4718750000 0.0140625000 0.0090277778
0 0.7718750000 0.4791666667 0.0164062500 0.0083333333
0 0.8767578125 0.4812500000 0.0097656250 0.0041666667
