0 0.3441406250 0.1531250000 0.2664062500 0.0243055556
0 0.5119140625 0.1489583333 0.0417968750 0.0145833333
0 0.6537109375 0.1454861111 0.0167968750 0.0090277778
0 0.5626953125 0.1486111111 0.0433593750 0.0111111111
0 0.8947265625 0.3510416667 0.0167968750 0.0090277778
0 0.4826171875 0.3559027778 0.0558593750 0.0159722222
0 0.6101562500 0.3538194444 0.0171875000 0.0104166667
0 0.2798828125 0.3625000000 0.0527343750 0.0166666667
0 0.3945312500 0.3736111111 0.0335937500 0.0236111111
0 0.4335937500 0.4225694444 0.0390625000 0.0270833333
0 0.7761718750 0.4340277778 0.1195312500 0.0472222222
0 0.6750000000 0.4260416667 0.0234375000 0.0173611111
0 0.6294921875 0.4246527778 0.0214843750 0.0090277778
0 0.5232421875 0.4302083333 0.0113281250 0.0090277778
0 0.6179687500 0.4399305556 0.0570312500 0.0256944444
0 0.4056640625 0.4375000000 0.0105468750 0.0083333333
0 0.6990234375 0.4465277778 0.0207031250 0.0166666667
0 0.2658203125 0.4454861111 0.0105468750 0.0062500000
0 0.6177734375 0.4527777778 0.0167968750 0.0097222222
0 0.6685546875 0.4579861111 0.0464843750 0.0201388889
0 0.5421875000 0.4583333333 0.0304687500 0.0180555556
0 0.5826171875 0.4541666667 0.0113281250 0.0083333333
0 0.4953125000 0.4614583333 0.0320312500 0.0173611111
0 0.7039062500 0.4628472222 0.0101562500 0.0062500000
0 0.8642578125 0.4812500000 0.0097656250 0.0083333333
0 0.8337890625 0.4822916667 0.0128906250 0.0062500000
