0 0.7871093750 0.3097222222 0.0234375000 0.0111111111
0 0.8919921875 0.3104166667 0.0238281250 0.0125000000
0 0.7462890625 0.3496527778 0.0925781250 0.0312500000
0 0.2750000000 0.3430555556 0.0320312500 0.0125000000
0 0.6093750000 0.3638888889 0.1859375000 0.0361111111
0 0.4001953125 0.3718750000 0.2003906250 0.0423611111
0 0.5410156250 0.3857638889 0.0640625000 0.0229166667
0 0.6646484375 0.3892361111 0.0339843750 0.0215277778
0 0.4615234375 0.3947916667 0.0785156250 0.0298611111
0 0.6017578125 0.3836805556 0.0128906250 0.0076388889
0 0.7181640625 0.4097222222 0.2253906250 0.0583333333
0 0.3380859375 0.3940972222 0.0371093750 0.0159722222
0 0.1548828125 0.3986111111 0.0128906250 0.0083333333
0 0.7123046875 0.4055555556 0.0378906250 0.0194444444
0 0.5392578125 0.4125000000 0.0285156250 0.0138888889
0 0.4957031250 0.4232638889 0.1039062500 0.0229166667
0 0.8955078125 0.4246527778 0.0488281250 0.0256944444
0 0.5777343750 0.4243055556 0.0429687500 0.0222222222
0 0.1453125000 0.4190972222 0.0132812500 0.0048611111
0 0.8923828125 0.4343750000 0.0253906250 0.0090277778
0 0.8812500000 0.4565972222 0.0101562500 0.0076388889
0 0.8675781250 0.4607638889 0.0085937500 0.0048611111
0 0.3103515625 0.4680555556 0.0105468750 0.0055555556
0 0.4417968750 0.4760416667 0.0171875000 0.0118055556
0 0.6558593750 0.4750000000 0.0109375000 0.0069444444
0 0.7935546875 0.4750000000 0.0128906250 0.0055555556
0 0.7521484375 0.4777777778 0.0222656250 0.0097222222
0 0.8394531250 0.4774305556 0.0125000000 0.0076388889
0 0.8689453125 0.4840277778 0.0113281250 0.0041666667
