0 0.4042968750 0.1458333333 0.0085937500 0.0069444444
0 0.7511718750 0.3281250000 0.0085937500 0.0076388889
0 0.4544921875 0.3437500000 0.1183593750 0.0152777778
0 0.5378906250 0.3430555556 0.0187500000 0.0152777778
0 0.3585937500 0.3496527778 0.0179687500 0.0104166667
0 0.2501953125 0.3510416667 0.0167968750 0.0090277778
0 0.8054687500 0.4267361111 0.0765625000 0.0340277778
0 0.8943359375 0.4315972222 0.0511718750 0.0423611111
0 0.6363281250 0.4260416667 0.0257812500 0.0145833333
0 0.4537109375 0.4253472222 0.0207031250 0.0090277778
0 0.6847656250 0.4284722222 0.0304687500 0.0138888889
0 0.4128906250 0.4319444444 0.0437500000 0.0166666667
0 0.7257812500 0.4309027778 0.0218750000 0.0145833333
0 0.4820312500 0.4468750000 0.0500000000 0.0354166667
0 0.2361328125 0.4423611111 0.0121093750 0.0097222222
0 0.4457031250 0.4531250000 0.0390625000 0.0284722222
0 0.6894531250 0.4454861111 0.0226562500 0.0145833333
0 0.5548828125 0.4565972222 0.0972656250 0.0312500000
0 0.2935546875 0.4444444444 0.0089843750 0.0041666667
0 0.6830078125 0.4569444444 0.0371093750 0.0166666667
0 0.7259765625 0.4531250000 0.0175781250 0.0104166667
0 0.7638671875 0.4680555556 0.0339843750 0.0111111111
0 0.8355468750 0.4677083333 0.0132812500 0.0090277778
