0 0.8552734375 0.3010416667 0.0097656250 0.0062500000
0 0.2869140625 0.3215277778 0.1019531250 0.0361111111
0 0.3484375000 0.3388888889 0.0109375000 0.0069444444
0 0.7912109375 0.3982638889 0.0488281250 0.0423611111
0 0.6677734375 0.4121527778 0.0378906250 0.0298611111
0 0.7189453125 0.4093750000 0.0246093750 0.0131944444
0 0.5095703125 0.4111111111 0.0144531250 0.0125000000
0 0.5611328125 0.4184027778 0.0292968750 0.0159722222
0 0.6242187500 0.4180555556 0.0351562500 0.0152777778
0 0.8740234375 0.4152777778 0.0105468750 0.0069444444
0 0.8921875000 0.4305555556 0.0117187500 0.0055555556
0 0.8541015625 0.4406250000 0.0207031250 0.0131944444
0 0.8671875000 0.4798611111 0.0585937500 0.0402777778
0 0.8187500000 0.4659722222 0.0101562500 0.0041666667
0 0.7902343750 0.4812500000 0.0140625000 0.0069444444
0 0.8216796875 0.4857638889 0.0105468750 0.0090277778
0 0.8910156250 0.4972222222 0.0117187500 0.0055555556
