0 0.6230468750 0.2614583333 0.0085937500 0.0076388889
0 0.4322265625 0.2645833333 0.0160156250 0.0083333333
0 0.2324218750 0.2819444444 0.0085937500 0.0069444444
0 0.2378906250 0.2940972222 0.0125000000 0.0090277778
0 0.4933593750 0.3347222222 0.0125000000 0.0069444444
0 0.8181640625 0.3534722222 0.0949218750 0.0388888889
0 0.6767578125 0.3496527778 0.0089843750 0.0076388889
0 0.7302734375 0.3548611111 0.0269531250 0.0166666667
0 0.5644531250 0.3576388889 0.0429687500 0.0125000000
0 0.3718750000 0.3625000000 0.0203125000 0.0152777778
0 0.3964843750 0.3597222222 0.0132812500 0.0083333333
0 0.4843750000 0.3670138889 0.0328125000 0.0229166667
0 0.6878906250 0.3670138889 0.0156250000 0.0104166667
0 0.6193359375 0.3694444444 0.0105468750 0.0083333333
0 0.5191406250 0.3722222222 0.0234375000 0.0097222222
0 0.9167968750 0.4055555556 0.0062500000 0.0055555556
0 0.8572265625 0.4878472222 0.0332031250 0.0243055556
0 0.9162109375 0.4975694444 0.0074218750 0.0048611111
