0 0.7941406250 0.3340277778 0.0226562500 0.0111111111
0 0.8548828125 0.3371527778 0.0253906250 0.0173611111
0 0.5140625000 0.3465277778 0.0281250000 0.0069444444
0 0.5472656250 0.3479166667 0.0187500000 0.0111111111
0 0.4468750000 0.3500000000 0.0625000000 0.0125000000
0 0.2662109375 0.3552083333 0.0167968750 0.0131944444
0 0.3935546875 0.3520833333 0.0207031250 0.0083333333
0 0.2314453125 0.3635416667 0.0316406250 0.0270833333
0 0.4994140625 0.4027777778 0.0160156250 0.0125000000
0 0.4123046875 0.4156250000 0.0230468750 0.0076388889
0 0.4218750000 0.4298611111 0.0226562500 0.0125000000
0 0.7435546875 0.4534722222 0.2128906250 0.0611111111
0 0.3896484375 0.4354166667 0.0261718750 0.0138888889
0 0.5296875000 0.4385416667 0.0257812500 0.0159722222
0 0.4603515625 0.4416666667 0.0207031250 0.0152777778
0 0.5335937500 0.4607638889 0.1335937500 0.0409722222
0 0.6214843750 0.4468750000 0.0117187500 0.0062500000
0 0.6595703125 0.4486111111 0.0253906250 0.0097222222
0 0.2437500000 0.4635416667 0.0398437500 0.0256944444
0 0.4166015625 0.4680555556 0.0683593750 0.0277777778
0 0.6195312500 0.4694444444 0.0257812500 0.0194444444
0 0.4744140625 0.4875000000 0.0371093750 0.0250000000
