0 0.8482421875 0.3208333333 0.0355468750 0.0194444444
0 0.7910156250 0.3232638889 0.0164062500 0.0118055556
0 0.8968750000 0.3368055556 0.0460937500 0.0305555556
0 0.6693359375 0.3312500000 0.0167968750 0.0125000000
0 0.5806640625 0.3315972222 0.0730468750 0.0118055556
0 0.4347656250 0.3371527778 0.0601562500 0.0159722222
0 0.4839843750 0.3340277778 0.0125000000 0.0097222222
0 0.2927734375 0.3340277778 0.0371093750 0.0083333333
0 0.2398437500 0.3461805556 0.0648437500 0.0298611111
0 0.3673828125 0.3388888889 0.0152343750 0.0083333333
0 0.3302734375 0.3434027778 0.0089843750 0.0076388889
0 0.7181640625 0.3638888889 0.0347656250 0.0208333333
0 0.7685546875 0.3940972222 0.0417968750 0.0201388889
0 0.4888671875 0.3982638889 0.0105468750 0.0076388889
0 0.7451171875 0.4118055556 0.0253906250 0.0152777778
0 0.3441406250 0.4184027778 0.0453125000 0.0270833333
0 0.7806640625 0.4090277778 0.0089843750 0.0069444444
0 0.5638671875 0.4100694444 0.0089843750 0.0048611111
0 0.4210937500 0.4201388889 0.0265625000 0.0194444444
0 0.4933593750 0.4281250000 0.0656250000 0.0298611111
0 0.5541015625 0.4298611111 0.0738281250 0.0263888889
0 0.5992187500 0.4197916667 0.0078125000 0.0062500000
0 0.2277343750 0.4222222222 0.0093750000 0.0041666667
0 0.7480468750 0.4350694444 0.0312500000 0.0215277778
0 0.4279296875 0.4302083333 0.0089843750 0.0062500000
0 0.6951171875 0.4638888889 0.0722656250 0.0541666667
0 0.4494140625 0.4524305556 0.0558593750 0.0284722222
0 0.4060546875 0.4479166667 0.0144531250 0.0097222222
0 0.5998046875 0.4583333333 0.0363281250 0.0166666667
0 0.5535156250 0.4621527778 0.0406250000 0.0173611111
0 0.6376953125 0.4645833333 0.0207031250 0.0125000000
0 0.4986328125 0.4663194444 0.0339843750 0.0145833333
