0 0.8468750000 0.2621527778 0.0484375000 0.0187500000
0 0.2955078125 0.2739583333 0.0222656250 0.0159722222
0 0.3982421875 0.2802083333 0.0175781250 0.0118055556
0 0.2519531250 0.2934027778 0.0468750000 0.0312500000
0 0.3662109375 0.2826388889 0.0097656250 0.0083333333
0 0.7333984375 0.3583333333 0.0324218750 0.0263888889
0 0.7646484375 0.3538194444 0.0128906250 0.0076388889
0 0.3306640625 0.3722222222 0.0363281250 0.0222222222
0 0.7904296875 0.3736111111 0.0316406250 0.0263888889
0 0.5554687500 0.3750000000 0.0375000000 0.0166666667
0 0.4656250000 0.3767361111 0.0117187500 0.0090277778
0 0.4839843750 0.3809027778 0.0304687500 0.0187500000
0 0.7480468750 0.3777777778 0.0117187500 0.0055555556
0 0.6921875000 0.3798611111 0.0171875000 0.0083333333
0 0.4041015625 0.3868055556 0.0464843750 0.0194444444
0 0.5248046875 0.3923611111 0.0128906250 0.0083333333
0 0.8607421875 0.4104166667 0.0246093750 0.0152777778
0 0.2736328125 0.4145833333 0.0121093750 0.0083333333
0 0.8488281250 0.4409722222 0.0195312500 0.0125000000
0 0.8345703125 0.4534722222 0.0128906250 0.0083333333
0 0.8912109375 0.4638888889 0.0136718750 0.0083333333
0 0.4775390625 0.4715277778 0.0332031250 0.0152777778
0 0.8349609375 0.4704861111 0.0246093750 0.0090277778
0 0.2658203125 0.4809027778 0.0316406250 0.0270833333
0 0.4248046875 0.4711805556 0.0082031250 0.0062500000
0 0.5962890625 0.4784722222 0.0363281250 0.0125000000
0 0.8832031250 0.4784722222 0.0132812500 0.0083333333
