0 0.2191406250 0.1239583333 0.0156250000 0.0076388889
0 0.8755859375 0.2274305556 0.0886718750 0.0284722222
0 0.7976562500 0.3319444444 0.0523437500 0.0250000000
0 0.4460937500 0.3402777778 0.0156250000 0.0125000000
0 0.7070312500 0.3423611111 0.0195312500 0.0125000000
0 0.8751953125 0.3562500000 0.0089843750 0.0069444444
0 0.8628906250 0.3638888889 0.0304687500 0.0208333333
0 0.8433593750 0.4309027778 0.0218750000 0.0118055556
0 0.8660156250 0.4406250000 0.0187500000 0.0104166667
0 0.8904296875 0.4395833333 0.0128906250 0.0083333333
0 0.2886718750 0.4520833333 0.0210937500 0.0152777778
0 0.7468750000 0.4756944444 0.0179687500 0.0125000000
0 0.8111328125 0.4739583333 0.0167968750 0.0048611111
