0 0.8199218750 0.2194444444 0.0210937500 0.0111111111
0 0.8480468750 0.2194444444 0.0132812500 0.0097222222
0 0.8103515625 0.3868055556 0.0457031250 0.0138888889
0 0.8537109375 0.3878472222 0.0246093750 0.0145833333
0 0.6158203125 0.3923611111 0.0339843750 0.0097222222
0 0.4861328125 0.3951388889 0.0746093750 0.0125000000
0 0.5753906250 0.3968750000 0.0226562500 0.0131944444
0 0.4216796875 0.3968750000 0.0371093750 0.0104166667
0 0.2302734375 0.4083333333 0.0246093750 0.0125000000
0 0.3910156250 0.4440972222 0.0937500000 0.0548611111
0 0.8378906250 0.4388888889 0.0484375000 0.0236111111
0 0.6974609375 0.4357638889 0.0089843750 0.0062500000
0 0.4781250000 0.4545138889 0.0312500000 0.0187500000
0 0.7091796875 0.4618055556 0.0105468750 0.0083333333
0 0.5375000000 0.4645833333 0.0140625000 0.0097222222
0 0.4455078125 0.4743055556 0.0339843750 0.0194444444
0 0.5044921875 0.4822916667 0.0496093750 0.0298611111
0 0.7003906250 0.4843750000 0.1242187500 0.0312500000
0 0.2398437500 0.4875000000 0.0296875000 0.0250000000
0 0.5515625000 0.4875000000 0.0703125000 0.0250000000
0 0.7857421875 0.4826388889 0.0207031250 0.0152777778
0 0.3722656250 0.4881944444 0.0585937500 0.0236111111
0 0.8701171875 0.4850694444 0.0113281250 0.0090277778
0 0.6191406250 0.4916666667 0.0429687500 0.0166666667
0 0.4169921875 0.4920138889 0.0308593750 0.0159722222
0 0.4593750000 0.4930555556 0.0140625000 0.0097222222
