0 0.8363281250 0.3281250000 0.0710937500 0.0159722222
0 0.5656250000 0.3368055556 0.0273437500 0.0138888889
0 0.4474609375 0.3395833333 0.0894531250 0.0166666667
0 0.5146484375 0.3357638889 0.0214843750 0.0090277778
0 0.3804687500 0.3427083333 0.0171875000 0.0118055556
0 0.2332031250 0.3468750000 0.0164062500 0.0118055556
0 0.3931640625 0.3906250000 0.0519531250 0.0423611111
0 0.2337890625 0.4170138889 0.0199218750 0.0173611111
0 0.4339843750 0.4281250000 0.1828125000 0.0381944444
0 0.7078125000 0.4250000000 0.0906250000 0.0291666667
0 0.4523437500 0.4201388889 0.0156250000 0.0083333333
0 0.5791015625 0.4190972222 0.0105468750 0.0062500000
0 0.6570312500 0.4440972222 0.1132812500 0.0423611111
0 0.5527343750 0.4368055556 0.0671875000 0.0250000000
0 0.2484375000 0.4364583333 0.0109375000 0.0062500000
0 0.9126953125 0.4465277778 0.0144531250 0.0097222222
0 0.4623046875 0.4545138889 0.0355468750 0.0145833333
0 0.5828125000 0.4545138889 0.0085937500 0.0076388889
0 0.5406250000 0.4597222222 0.0445312500 0.0152777778
0 0.6435546875 0.4701388889 0.0152343750 0.0111111111
0 0.2484375000 0.4906250000 0.0078125000 0.0048611111
