0 0.2402343750 0.1243055556 0.0117187500 0.0083333333
0 0.2982421875 0.1447916667 0.0074218750 0.0062500000
0 0.8492187500 0.2083333333 0.0476562500 0.0194444444
0 0.3884765625 0.2284722222 0.0136718750 0.0111111111
0 0.9167968750 0.2256944444 0.0062500000 0.0055555556
0 0.2332031250 0.2430555556 0.0250000000 0.0222222222
0 0.3720703125 0.2729166667 0.0863281250 0.0597222222
0 0.4460937500 0.2784722222 0.0125000000 0.0111111111
0 0.8695312500 0.3003472222 0.0156250000 0.0090277778
0 0.8181640625 0.3173611111 0.1480468750 0.0388888889
0 0.3853515625 0.3093750000 0.0136718750 0.0118055556
0 0.5560546875 0.3208333333 0.0457031250 0.0152777778
0 0.6882812500 0.3277777778 0.0289062500 0.0166666667
0 0.4871093750 0.3298611111 0.0320312500 0.0194444444
0 0.3607421875 0.3250000000 0.0105468750 0.0069444444
0 0.8619140625 0.3552083333 0.0207031250 0.0131944444
0 0.8935546875 0.4100694444 0.0128906250 0.0090277778
0 0.4738281250 0.4197916667 0.0242187500 0.0145833333
0 0.8349609375 0.4180555556 0.0144531250 0.0097222222
0 0.4923828125 0.4322916667 0.0074218750 0.0062500000
0 0.5363281250 0.4336805556 0.0085937500 0.0062500000
