0 0.8458984375 0.3218750000 0.0472656250 0.0159722222
0 0.4585937500 0.3364583333 0.0289062500 0.0090277778
0 0.5298828125 0.3343750000 0.0191406250 0.0062500000
0 0.3960937500 0.3385416667 0.0242187500 0.0118055556
0 0.4904296875 0.3378472222 0.0167968750 0.0076388889
0 0.2599609375 0.3465277778 0.0253906250 0.0111111111
0 0.2433593750 0.3579861111 0.0281250000 0.0145833333
0 0.4060546875 0.3802083333 0.0152343750 0.0131944444
0 0.2273437500 0.4100694444 0.0164062500 0.0104166667
0 0.8013671875 0.4288194444 0.1222656250 0.0381944444
0 0.5560546875 0.4305555556 0.0464843750 0.0180555556
0 0.8794921875 0.4295138889 0.0175781250 0.0145833333
0 0.6175781250 0.4336805556 0.0195312500 0.0173611111
0 0.6871093750 0.4420138889 0.0476562500 0.0326388889
0 0.6591796875 0.4302083333 0.0121093750 0.0062500000
0 0.4992187500 0.4399305556 0.0312500000 0.0187500000
0 0.4669921875 0.4361111111 0.0136718750 0.0083333333
0 0.7333984375 0.4375000000 0.0246093750 0.0125000000
0 0.2296875000 0.4388888889 0.0109375000 0.0097222222
0 0.5316406250 0.4489583333 0.0171875000 0.0104166667
0 0.8582031250 0.4666666667 0.0218750000 0.0125000000
0 0.2728515625 0.4732638889 0.0160156250 0.0076388889
