0 0.2673828125 0.1243055556 0.0097656250 0.0083333333
0 0.8367187500 0.2263888889 0.0671875000 0.0250000000
0 0.4162109375 0.2402777778 0.0371093750 0.0097222222
0 0.4097656250 0.3107638889 0.0078125000 0.0062500000
0 0.7833984375 0.3250000000 0.0621093750 0.0291666667
0 0.8597656250 0.3163194444 0.0125000000 0.0104166667
0 0.7402343750 0.3197916667 0.0125000000 0.0104166667
0 0.9046875000 0.3281250000 0.0304687500 0.0243055556
0 0.3689453125 0.3368055556 0.0207031250 0.0180555556
0 0.4894531250 0.3329861111 0.0140625000 0.0118055556
0 0.5238281250 0.3357638889 0.0148437500 0.0118055556
0 0.6398437500 0.3520833333 0.0257812500 0.0125000000
0 0.4058593750 0.3513888889 0.0179687500 0.0083333333
0 0.4939453125 0.3572916667 0.0238281250 0.0173611111
0 0.4654296875 0.3576388889 0.0160156250 0.0138888889
0 0.4404296875 0.3569444444 0.0152343750 0.0069444444
0 0.6046875000 0.3600694444 0.0125000000 0.0062500000
0 0.8900390625 0.3899305556 0.0160156250 0.0131944444
0 0.8544921875 0.4079861111 0.0285156250 0.0159722222
0 0.8207031250 0.4635416667 0.0179687500 0.0159722222
0 0.8468750000 0.4951388889 0.0179687500 0.0097222222
