0 0.6132812500 0.1965277778 0.3250000000 0.0236111111
0 0.8265625000 0.1927083333 0.0117187500 0.0104166667
0 0.2644531250 0.2086805556 0.0820312500 0.0368055556
0 0.3615234375 0.2017361111 0.0878906250 0.0243055556
0 0.8148437500 0.3611111111 0.0195312500 0.0111111111
0 0.8775390625 0.3715277778 0.0847656250 0.0291666667
0 0.3822265625 0.3993055556 0.0628906250 0.0444444444
0 0.7199218750 0.4666666667 0.0468750000 0.0402777778
0 0.7609375000 0.4513888889 0.0132812500 0.0083333333
0 0.4853515625 0.4659722222 0.0894531250 0.0347222222
0 0.8289062500 0.4687500000 0.0476562500 0.0277777778
0 0.7708984375 0.4628472222 0.0300781250 0.0131944444
0 0.5601562500 0.4715277778 0.0218750000 0.0166666667
0 0.5289062500 0.4704861111 0.0132812500 0.0104166667
0 0.7544921875 0.4784722222 0.0316406250 0.0166666667
0 0.6525390625 0.4868055556 0.0222656250 0.0125000000
0 0.5453125000 0.4947916667 0.0070312500 0.0062500000
