0 0.1359375000 0.1243055556 0.1117187500 0.0083333333
0 0.3205078125 0.1222222222 0.0503906250 0.0041666667
0 0.5359375000 0.2638888889 0.7679687500 0.0402777778
0 0.8330078125 0.4045138889 0.0925781250 0.0284722222
0 0.4919921875 0.4208333333 0.0535156250 0.0125000000
0 0.5716796875 0.4211805556 0.0167968750 0.0118055556
0 0.4203125000 0.4229166667 0.0343750000 0.0111111111
0 0.8640625000 0.4652777778 0.0773437500 0.0527777778
0 0.9150390625 0.4413194444 0.0097656250 0.0062500000
0 0.6363281250 0.4513888889 0.0093750000 0.0083333333
0 0.5943359375 0.4840277778 0.0074218750 0.0055555556
0 0.7064453125 0.4861111111 0.0082031250 0.0069444444
0 0.2265625000 0.4937500000 0.0203125000 0.0125000000
0 0.7306640625 0.4975694444 0.0300781250 0.0048611111
