0 0.2406250000 0.1312500000 0.0375000000 0.0222222222
0 0.8767578125 0.2750000000 0.0863281250 0.0263888889
0 0.6785156250 0.2732638889 0.0296875000 0.0062500000
0 0.3136718750 0.2784722222 0.0289062500 0.0111111111
0 0.4466796875 0.2809027778 0.0222656250 0.0104166667
0 0.4863281250 0.2795138889 0.0093750000 0.0062500000
0 0.7056640625 0.2802083333 0.0097656250 0.0076388889
0 0.3835937500 0.2840277778 0.0148437500 0.0097222222
0 0.2492187500 0.2958333333 0.0601562500 0.0263888889
0 0.4060546875 0.3170138889 0.0339843750 0.0159722222
0 0.8894531250 0.3236111111 0.0273437500 0.0194444444
0 0.8437500000 0.3479166667 0.0335937500 0.0180555556
0 0.7537109375 0.3670138889 0.1027343750 0.0451388889
0 0.8951171875 0.3618055556 0.0496093750 0.0361111111
0 0.4781250000 0.3635416667 0.0437500000 0.0159722222
0 0.8492187500 0.3711805556 0.0414062500 0.0243055556
0 0.5466796875 0.3694444444 0.0183593750 0.0152777778
0 0.4099609375 0.3743055556 0.0261718750 0.0125000000
0 0.6181640625 0.3815972222 0.0761718750 0.0256944444
0 0.3798828125 0.3805555556 0.0113281250 0.0083333333
0 0.4794921875 0.3975694444 0.0214843750 0.0173611111
0 0.7703125000 0.3930555556 0.0125000000 0.0083333333
0 0.6875000000 0.4017361111 0.0476562500 0.0201388889
0 0.9033203125 0.4065972222 0.0089843750 0.0076388889
0 0.6298828125 0.4197916667 0.0238281250 0.0159722222
0 0.8617187500 0.4503472222 0.0117187500 0.0062500000
0 0.7789062500 0.4562500000 0.0117187500 0.0069444444
0 0.9123046875 0.4659722222 0.0152343750 0.0069444444
0 0.7822265625 0.4753472222 0.0082031250 0.0062500000
0 0.8859375000 0.4781250000 0.0679687500 0.0104166667
0 0.7589843750 0.4788194444 0.0156250000 0.0076388889
0 0.9083984375 0.4940972222 0.0230468750 0.0118055556
