0 0.2378906250 0.1250000000 0.0242187500 0.0097222222
0 0.0847656250 0.1895833333 0.0093750000 0.0083333333
0 0.2634765625 0.2430555556 0.0214843750 0.0069444444
0 0.3222656250 0.2444444444 0.0117187500 0.0083333333
0 0.8656250000 0.2725694444 0.0531250000 0.0187500000
0 0.2259765625 0.2746527778 0.0105468750 0.0048611111
0 0.3982421875 0.2965277778 0.1425781250 0.0375000000
0 0.2373046875 0.3125000000 0.0144531250 0.0111111111
0 0.4998046875 0.3295138889 0.0105468750 0.0090277778
0 0.5599609375 0.3340277778 0.0128906250 0.0111111111
0 0.6451171875 0.3364583333 0.0183593750 0.0145833333
0 0.7015625000 0.3385416667 0.0101562500 0.0090277778
0 0.2328125000 0.3409722222 0.0125000000 0.0055555556
0 0.7384765625 0.3618055556 0.0386718750 0.0263888889
0 0.5376953125 0.3718750000 0.0683593750 0.0215277778
0 0.6886718750 0.3715277778 0.0398437500 0.0194444444
0 0.6099609375 0.3760416667 0.0417968750 0.0243055556
0 0.8488281250 0.4239583333 0.0171875000 0.0118055556
0 0.1898437500 0.4465277778 0.0132812500 0.0069444444
0 0.7445312500 0.4729166667 0.0093750000 0.0041666667
0 0.8320312500 0.4774305556 0.0171875000 0.0104166667
0 0.7947265625 0.4798611111 0.0113281250 0.0083333333
0 0.8257812500 0.4927083333 0.0171875000 0.0145833333
0 0.8628906250 0.4954861111 0.0210937500 0.0090277778
