0 0.2210937500 0.1256944444 0.0195312500 0.0111111111
0 0.2513671875 0.1322916667 0.0175781250 0.0104166667
0 0.8535156250 0.2406250000 0.0460937500 0.0243055556
0 0.8951171875 0.2475694444 0.0136718750 0.0118055556
0 0.2343750000 0.2621527778 0.0093750000 0.0048611111
0 0.2373046875 0.2781250000 0.0191406250 0.0159722222
0 0.7992187500 0.3486111111 0.0476562500 0.0291666667
0 0.5523437500 0.3510416667 0.0226562500 0.0145833333
0 0.4503906250 0.3565972222 0.0210937500 0.0159722222
0 0.7037109375 0.3579861111 0.0269531250 0.0159722222
0 0.2304687500 0.3565972222 0.0101562500 0.0076388889
0 0.4835937500 0.3659722222 0.0109375000 0.0097222222
0 0.8746093750 0.3711805556 0.0093750000 0.0062500000
0 0.8623046875 0.3798611111 0.0300781250 0.0208333333
0 0.8470703125 0.4454861111 0.0300781250 0.0118055556
0 0.8650390625 0.4569444444 0.0199218750 0.0097222222
0 0.2892578125 0.4666666667 0.0214843750 0.0180555556
0 0.8611328125 0.4861111111 0.0191406250 0.0111111111
