0 0.8384765625 0.3128472222 0.0605468750 0.0215277778
0 0.3876953125 0.3315972222 0.0464843750 0.0131944444
0 0.4636718750 0.3281250000 0.0257812500 0.0076388889
0 0.4943359375 0.3302083333 0.0199218750 0.0090277778
0 0.3058593750 0.3298611111 0.0132812500 0.0055555556
0 0.4271484375 0.3319444444 0.0136718750 0.0069444444
0 0.2570312500 0.3434027778 0.0359375000 0.0270833333
0 0.3505859375 0.3774305556 0.0238281250 0.0118055556
0 0.2146484375 0.3913194444 0.0136718750 0.0076388889
0 0.8544921875 0.3899305556 0.0082031250 0.0034722222
0 0.4779296875 0.3940972222 0.0089843750 0.0062500000
0 0.7482421875 0.4038194444 0.0363281250 0.0131944444
0 0.6496093750 0.4024305556 0.0117187500 0.0062500000
0 0.3392578125 0.4184027778 0.0394531250 0.0284722222
0 0.4771484375 0.4093750000 0.0074218750 0.0062500000
0 0.5486328125 0.4211805556 0.0246093750 0.0187500000
0 0.4488281250 0.4260416667 0.0328125000 0.0243055556
0 0.6169921875 0.4246527778 0.0207031250 0.0145833333
0 0.4943359375 0.4291666667 0.0222656250 0.0166666667
0 0.2312500000 0.4312500000 0.0117187500 0.0097222222
0 0.6933593750 0.4354166667 0.0570312500 0.0166666667
0 0.6445312500 0.4434027778 0.0242187500 0.0131944444
0 0.5318359375 0.4420138889 0.0160156250 0.0076388889
0 0.4644531250 0.4447916667 0.0070312500 0.0062500000
0 0.6750000000 0.4468750000 0.0148437500 0.0076388889
0 0.5898437500 0.4531250000 0.0101562500 0.0076388889
0 0.8601562500 0.4583333333 0.0218750000 0.0166666667
0 0.2757812500 0.4649305556 0.0171875000 0.0090277778
0 0.2617187500 0.4718750000 0.0125000000 0.0090277778
0 0.5728515625 0.4805555556 0.0082031250 0.0069444444
