0 0.7841796875 0.3142361111 0.0230468750 0.0131944444
0 0.8597656250 0.3173611111 0.0601562500 0.0194444444
0 0.4591796875 0.3288194444 0.0128906250 0.0062500000
0 0.4291015625 0.3315972222 0.0261718750 0.0090277778
0 0.2535156250 0.3354166667 0.0171875000 0.0125000000
0 0.3820312500 0.3333333333 0.0210937500 0.0097222222
0 0.2261718750 0.3475694444 0.0382812500 0.0118055556
0 0.3976562500 0.3934027778 0.0304687500 0.0118055556
0 0.8625000000 0.3968750000 0.0148437500 0.0131944444
0 0.3175781250 0.3986111111 0.0125000000 0.0069444444
0 0.8050781250 0.4229166667 0.1937500000 0.0527777778
0 0.6472656250 0.4072916667 0.0156250000 0.0104166667
0 0.5185546875 0.4173611111 0.0261718750 0.0180555556
0 0.3771484375 0.4159722222 0.0261718750 0.0125000000
0 0.5935546875 0.4166666667 0.0121093750 0.0083333333
0 0.2421875000 0.4354166667 0.0429687500 0.0375000000
0 0.4160156250 0.4236111111 0.0085937500 0.0055555556
0 0.6066406250 0.4281250000 0.0367187500 0.0090277778
0 0.4378906250 0.4458333333 0.1484375000 0.0333333333
0 0.5914062500 0.4517361111 0.1382812500 0.0465277778
0 0.6082031250 0.4440972222 0.0312500000 0.0118055556
0 0.6917968750 0.4541666667 0.0320312500 0.0180555556
0 0.4921875000 0.4579861111 0.0398437500 0.0187500000
0 0.8515625000 0.4725694444 0.0187500000 0.0145833333
0 0.3113281250 0.4763888889 0.0125000000 0.0097222222
0 0.8863281250 0.4774305556 0.0101562500 0.0090277778
0 0.2650390625 0.4826388889 0.0222656250 0.0097222222
0 0.4720703125 0.4809027778 0.0121093750 0.0076388889
0 0.2363281250 0.4840277778 0.0132812500 0.0083333333
0 0.4636718750 0.4909722222 0.0078125000 0.0069444444
0 0.8087890625 0.4916666667 0.0082031250 0.0069444444
0 0.8759765625 0.4947916667 0.0160156250 0.0104166667
