0 0.7691406250 0.1934027778 0.0570312500 0.0159722222
0 0.4570312500 0.2048611111 0.4859375000 0.0333333333
0 0.7277343750 0.1909722222 0.0093750000 0.0041666667
0 0.8875000000 0.3774305556 0.0406250000 0.0159722222
0 0.3292968750 0.3836805556 0.0140625000 0.0118055556
0 0.3544921875 0.3802083333 0.0074218750 0.0062500000
0 0.2837890625 0.3888888889 0.0542968750 0.0180555556
0 0.4396484375 0.3979166667 0.1105468750 0.0333333333
0 0.7761718750 0.4253472222 0.0664062500 0.0562500000
0 0.3705078125 0.4079861111 0.0113281250 0.0076388889
0 0.2357421875 0.4128472222 0.0128906250 0.0090277778
0 0.5283203125 0.4510416667 0.0105468750 0.0076388889
0 0.6619140625 0.4652777778 0.0527343750 0.0291666667
0 0.5736328125 0.4694444444 0.0832031250 0.0347222222
0 0.7449218750 0.4694444444 0.0523437500 0.0319444444
0 0.6894531250 0.4708333333 0.0179687500 0.0138888889
0 0.2708984375 0.4708333333 0.0105468750 0.0069444444
0 0.5916015625 0.4795138889 0.0199218750 0.0104166667
0 0.2412109375 0.4854166667 0.0152343750 0.0069444444
0 0.8572265625 0.4878472222 0.0082031250 0.0062500000
