0 0.8537109375 0.3017361111 0.1324218750 0.0381944444
0 0.4593750000 0.3076388889 0.0531250000 0.0208333333
0 0.5230468750 0.3052083333 0.0390625000 0.0145833333
0 0.2761718750 0.3086805556 0.0617187500 0.0187500000
0 0.6064453125 0.3052083333 0.0238281250 0.0104166667
0 0.2173828125 0.3187500000 0.0472656250 0.0347222222
0 0.3984375000 0.3079861111 0.0070312500 0.0062500000
0 0.5833984375 0.3107638889 0.0183593750 0.0090277778
0 0.3478515625 0.3652777778 0.0144531250 0.0097222222
0 0.8111328125 0.3701388889 0.0253906250 0.0180555556
0 0.3298828125 0.3888888889 0.0550781250 0.0402777778
0 0.3695312500 0.3784722222 0.0148437500 0.0111111111
0 0.7302734375 0.3868055556 0.0339843750 0.0125000000
0 0.6390625000 0.3861111111 0.0203125000 0.0097222222
0 0.4103515625 0.3906250000 0.0292968750 0.0159722222
0 0.4753906250 0.3868055556 0.0117187500 0.0083333333
0 0.5333984375 0.3895833333 0.0089843750 0.0055555556
0 0.5056640625 0.3986111111 0.0160156250 0.0083333333
0 0.4730468750 0.4187500000 0.0617187500 0.0277777778
0 0.7714843750 0.4215277778 0.0234375000 0.0208333333
0 0.5259765625 0.4263888889 0.0285156250 0.0208333333
0 0.5996093750 0.4250000000 0.0203125000 0.0180555556
0 0.5580078125 0.4291666667 0.0113281250 0.0069444444
0 0.5730468750 0.4746527778 0.0101562500 0.0062500000
0 0.8925781250 0.4888888889 0.0546875000 0.0222222222
0 0.8513671875 0.4895833333 0.0113281250 0.0097222222
