0 0.3630859375 0.1937500000 0.0183593750 0.0138888889
0 0.2404296875 0.1993055556 0.0230468750 0.0194444444
0 0.2650390625 0.1961805556 0.0152343750 0.0118055556
0 0.7869140625 0.3687500000 0.0238281250 0.0138888889
0 0.8742187500 0.3739583333 0.0664062500 0.0201388889
0 0.6964843750 0.3743055556 0.0210937500 0.0152777778
0 0.5949218750 0.3784722222 0.0515625000 0.0125000000
0 0.6599609375 0.3753472222 0.0160156250 0.0076388889
0 0.2814453125 0.3888888889 0.0988281250 0.0305555556
0 0.5021484375 0.3809027778 0.0566406250 0.0118055556
0 0.5486328125 0.3847222222 0.0238281250 0.0180555556
0 0.4386718750 0.3857638889 0.0203125000 0.0145833333
0 0.3773437500 0.3878472222 0.0148437500 0.0090277778
0 0.4212890625 0.4204861111 0.0605468750 0.0298611111
0 0.8060546875 0.4159722222 0.0636718750 0.0222222222
0 0.4607421875 0.4159722222 0.0207031250 0.0138888889
0 0.7390625000 0.4218750000 0.0406250000 0.0256944444
0 0.5556640625 0.4208333333 0.0238281250 0.0152777778
0 0.5238281250 0.4381944444 0.0125000000 0.0083333333
0 0.6027343750 0.4482638889 0.0140625000 0.0104166667
0 0.7541015625 0.4677083333 0.0894531250 0.0423611111
0 0.3484375000 0.4538194444 0.0101562500 0.0090277778
0 0.6478515625 0.4545138889 0.0199218750 0.0090277778
0 0.4697265625 0.4611111111 0.0347656250 0.0194444444
0 0.6953125000 0.4565972222 0.0070312500 0.0062500000
0 0.7939453125 0.4604166667 0.0175781250 0.0111111111
0 0.2310546875 0.4611111111 0.0082031250 0.0069444444
0 0.8812500000 0.4677083333 0.0250000000 0.0173611111
0 0.5435546875 0.4732638889 0.0269531250 0.0215277778
0 0.6386718750 0.4777777778 0.0484375000 0.0319444444
0 0.5882812500 0.4677083333 0.0109375000 0.0090277778
0 0.3396484375 0.4697916667 0.0144531250 0.0104166667
0 0.4085937500 0.4750000000 0.1000000000 0.0208333333
0 0.5060546875 0.4777777778 0.0300781250 0.0236111111
0 0.4796875000 0.4743055556 0.0140625000 0.0083333333
0 0.6820312500 0.4781250000 0.0203125000 0.0159722222
0 0.8236328125 0.4809027778 0.0128906250 0.0090277778
0 0.6962890625 0.4878472222 0.0175781250 0.0104166667
