0 0.8435546875 0.3086805556 0.0824218750 0.0187500000
0 0.7859375000 0.3104166667 0.0164062500 0.0069444444
0 0.3119140625 0.3187500000 0.0246093750 0.0194444444
0 0.5431640625 0.3204861111 0.0175781250 0.0062500000
0 0.2589843750 0.3347222222 0.0632812500 0.0305555556
0 0.4810546875 0.3229166667 0.0121093750 0.0069444444
0 0.5085937500 0.3236111111 0.0140625000 0.0069444444
0 0.3812500000 0.3281250000 0.0093750000 0.0076388889
0 0.4369140625 0.3267361111 0.0074218750 0.0048611111
0 0.2156250000 0.3888888889 0.0109375000 0.0097222222
0 0.7787109375 0.4149305556 0.0730468750 0.0451388889
0 0.3447265625 0.4184027778 0.0378906250 0.0215277778
0 0.5595703125 0.4197916667 0.0214843750 0.0173611111
0 0.7064453125 0.4236111111 0.0191406250 0.0138888889
0 0.4792968750 0.4239583333 0.0109375000 0.0090277778
0 0.4265625000 0.4319444444 0.0265625000 0.0208333333
0 0.3970703125 0.4336805556 0.0300781250 0.0187500000
0 0.6101562500 0.4423611111 0.0390625000 0.0277777778
0 0.6863281250 0.4392361111 0.0679687500 0.0173611111
0 0.5716796875 0.4447916667 0.0128906250 0.0090277778
0 0.8677734375 0.4541666667 0.0292968750 0.0166666667
0 0.2861328125 0.4607638889 0.0160156250 0.0090277778
0 0.4666015625 0.4725694444 0.0105468750 0.0062500000
0 0.8611328125 0.4847222222 0.0207031250 0.0097222222
