0 0.8316406250 0.4493055556 0.1359375000 0.0444444444
0 0.3464843750 0.4475694444 0.0343750000 0.0159722222
0 0.4623046875 0.4538194444 0.0371093750 0.0201388889
0 0.5248046875 0.4513888889 0.0222656250 0.0125000000
0 0.7048828125 0.4524305556 0.0113281250 0.0076388889
0 0.6527343750 0.4565972222 0.0289062500 0.0145833333
0 0.5662109375 0.4628472222 0.0121093750 0.0076388889
0 0.5404296875 0.4729166667 0.0253906250 0.0152777778
0 0.6919921875 0.4750000000 0.0191406250 0.0138888889
0 0.6556640625 0.4770833333 0.0214843750 0.0138888889
