0 0.8576171875 0.2736111111 0.0410156250 0.0194444444
0 0.8976562500 0.2781250000 0.0101562500 0.0076388889
0 0.2630859375 0.2989583333 0.0542968750 0.0256944444
0 0.4708984375 0.2902777778 0.0191406250 0.0097222222
0 0.5457031250 0.2892361111 0.0070312500 0.0062500000
0 0.4271484375 0.2927083333 0.0222656250 0.0076388889
0 0.8888671875 0.3298611111 0.0621093750 0.0333333333
0 0.8240234375 0.3350694444 0.0269531250 0.0145833333
0 0.7263671875 0.3781250000 0.0707031250 0.0229166667
0 0.4693359375 0.3725694444 0.0136718750 0.0090277778
0 0.5818359375 0.3750000000 0.0128906250 0.0069444444
0 0.6154296875 0.3972222222 0.0378906250 0.0222222222
0 0.8044921875 0.3920138889 0.0300781250 0.0131944444
0 0.5220703125 0.3947916667 0.0308593750 0.0145833333
0 0.6535156250 0.3909722222 0.0132812500 0.0083333333
0 0.7210937500 0.3944444444 0.0109375000 0.0097222222
0 0.4869140625 0.3944444444 0.0144531250 0.0069444444
0 0.5115234375 0.4062500000 0.0082031250 0.0069444444
0 0.4587890625 0.4156250000 0.0285156250 0.0215277778
0 0.5935546875 0.4204861111 0.0246093750 0.0145833333
0 0.6238281250 0.4194444444 0.0179687500 0.0111111111
0 0.8935546875 0.4479166667 0.0136718750 0.0069444444
0 0.8742187500 0.4520833333 0.0195312500 0.0138888889
0 0.7904296875 0.4517361111 0.0105468750 0.0048611111
0 0.8908203125 0.4770833333 0.0230468750 0.0111111111
0 0.6195312500 0.4809027778 0.0093750000 0.0048611111
