0 0.2462890625 0.1215277778 0.0207031250 0.0027777778
0 0.2324218750 0.2010416667 0.0070312500 0.0062500000
0 0.8593750000 0.2121527778 0.0867187500 0.0201388889
0 0.2351562500 0.2447916667 0.0460937500 0.0340277778
0 0.8070312500 0.2836805556 0.0101562500 0.0090277778
0 0.2324218750 0.3013888889 0.0210937500 0.0111111111
0 0.8878906250 0.3843750000 0.0117187500 0.0090277778
0 0.8546875000 0.3951388889 0.0328125000 0.0250000000
0 0.4494140625 0.4229166667 0.0488281250 0.0194444444
0 0.6453125000 0.4232638889 0.0234375000 0.0145833333
0 0.5658203125 0.4253472222 0.1097656250 0.0159722222
0 0.8855468750 0.4347222222 0.0226562500 0.0180555556
0 0.9080078125 0.4899305556 0.0238281250 0.0201388889
0 0.8763671875 0.4979166667 0.0097656250 0.0041666667
0 0.4566406250 0.4986111111 0.0148437500 0.0027777778
0 0.5093750000 0.4982638889 0.0187500000 0.0034722222
