0 0.3164062500 0.1239583333 0.0187500000 0.0076388889
0 0.6578125000 0.2329861111 0.0148437500 0.0131944444
0 0.8589843750 0.2420138889 0.1218750000 0.0229166667
0 0.7312500000 0.2343750000 0.0070312500 0.0062500000
0 0.2974609375 0.2524305556 0.0878906250 0.0215277778
0 0.4501953125 0.2482638889 0.0285156250 0.0104166667
0 0.3685546875 0.2548611111 0.0136718750 0.0069444444
0 0.3871093750 0.2538194444 0.0070312500 0.0062500000
0 0.2357421875 0.2642361111 0.0191406250 0.0090277778
0 0.5294921875 0.2760416667 0.0136718750 0.0118055556
0 0.6767578125 0.2795138889 0.0128906250 0.0104166667
0 0.4294921875 0.2836805556 0.0246093750 0.0118055556
0 0.8654296875 0.2895833333 0.0558593750 0.0222222222
0 0.4875000000 0.2923611111 0.0242187500 0.0166666667
0 0.6964843750 0.3069444444 0.0109375000 0.0083333333
0 0.8119140625 0.3163194444 0.0488281250 0.0256944444
0 0.8837890625 0.3180555556 0.0316406250 0.0263888889
0 0.4482421875 0.3208333333 0.0300781250 0.0097222222
0 0.5015625000 0.3222222222 0.0210937500 0.0097222222
0 0.5585937500 0.3260416667 0.0335937500 0.0145833333
0 0.7125000000 0.3291666667 0.0234375000 0.0208333333
0 0.4722656250 0.3277777778 0.0109375000 0.0097222222
0 0.5966796875 0.3395833333 0.0277343750 0.0236111111
0 0.6294921875 0.3319444444 0.0105468750 0.0083333333
0 0.3679687500 0.3475694444 0.0562500000 0.0326388889
0 0.7453125000 0.3364583333 0.0195312500 0.0104166667
0 0.4949218750 0.3479166667 0.0375000000 0.0194444444
0 0.6785156250 0.3489583333 0.0601562500 0.0201388889
0 0.8396484375 0.3451388889 0.0121093750 0.0069444444
0 0.8783203125 0.3538194444 0.0285156250 0.0145833333
0 0.4636718750 0.3631944444 0.0789062500 0.0305555556
0 0.8322265625 0.3545138889 0.0136718750 0.0104166667
0 0.7701171875 0.3649305556 0.0136718750 0.0118055556
0 0.5777343750 0.3694444444 0.0234375000 0.0180555556
0 0.6041015625 0.3729166667 0.0300781250 0.0208333333
0 0.7259765625 0.3690972222 0.0167968750 0.0131944444
0 0.5208984375 0.3718750000 0.0152343750 0.0104166667
0 0.9140625000 0.3697916667 0.0117187500 0.0048611111
0 0.8697265625 0.3798611111 0.0128906250 0.0111111111
0 0.8863281250 0.4034722222 0.0070312500 0.0055555556
0 0.9072265625 0.4131944444 0.0253906250 0.0208333333
0 0.5615234375 0.4145833333 0.0082031250 0.0069444444
0 0.8669921875 0.4267361111 0.0136718750 0.0090277778
0 0.9003906250 0.4381944444 0.0390625000 0.0319444444
0 0.9130859375 0.4604166667 0.0136718750 0.0069444444
