0 0.2267578125 0.2815972222 0.0097656250 0.0048611111
0 0.2910156250 0.3114583333 0.0992187500 0.0284722222
0 0.8941406250 0.3003472222 0.0234375000 0.0076388889
0 0.4623046875 0.3059027778 0.0253906250 0.0159722222
0 0.4169921875 0.3159722222 0.0503906250 0.0208333333
0 0.6724609375 0.3899305556 0.0425781250 0.0270833333
0 0.7236328125 0.3909722222 0.0402343750 0.0291666667
0 0.5599609375 0.3836805556 0.0183593750 0.0118055556
0 0.5292968750 0.3895833333 0.0250000000 0.0152777778
0 0.6060546875 0.3881944444 0.0394531250 0.0138888889
0 0.2435546875 0.3881944444 0.0136718750 0.0069444444
0 0.4593750000 0.3916666667 0.0195312500 0.0152777778
0 0.6968750000 0.3892361111 0.0132812500 0.0090277778
0 0.7656250000 0.3958333333 0.0335937500 0.0236111111
0 0.4888671875 0.3954861111 0.0277343750 0.0131944444
0 0.5474609375 0.4076388889 0.0136718750 0.0097222222
0 0.6443359375 0.4125000000 0.0183593750 0.0125000000
0 0.5683593750 0.4114583333 0.0093750000 0.0076388889
0 0.6115234375 0.4156250000 0.0199218750 0.0118055556
0 0.8044921875 0.4489583333 0.0089843750 0.0062500000
0 0.8123046875 0.4680555556 0.0097656250 0.0041666667
0 0.4789062500 0.4781250000 0.0101562500 0.0062500000
0 0.7462890625 0.4788194444 0.0097656250 0.0062500000
