0 0.8226562500 0.3267361111 0.0453125000 0.0215277778
0 0.4832031250 0.3409722222 0.0703125000 0.0138888889
0 0.4191406250 0.3423611111 0.0382812500 0.0097222222
0 0.3501953125 0.3496527778 0.0105468750 0.0062500000
0 0.8406250000 0.3864583333 0.0234375000 0.0159722222
0 0.4128906250 0.4086805556 0.0179687500 0.0159722222
0 0.3789062500 0.4093750000 0.0101562500 0.0062500000
0 0.7796875000 0.4319444444 0.1273437500 0.0361111111
0 0.3474609375 0.4201388889 0.0261718750 0.0111111111
0 0.8556640625 0.4194444444 0.0121093750 0.0097222222
0 0.4496093750 0.4246527778 0.0132812500 0.0076388889
0 0.5005859375 0.4326388889 0.0441406250 0.0222222222
0 0.6058593750 0.4361111111 0.0203125000 0.0138888889
0 0.3982421875 0.4357638889 0.0136718750 0.0104166667
0 0.3710937500 0.4395833333 0.0210937500 0.0152777778
0 0.5427734375 0.4399305556 0.0527343750 0.0173611111
0 0.6873046875 0.4385416667 0.0277343750 0.0131944444
0 0.2458984375 0.4392361111 0.0105468750 0.0090277778
0 0.4277343750 0.4430555556 0.0210937500 0.0166666667
0 0.7388671875 0.4468750000 0.0136718750 0.0090277778
0 0.6822265625 0.4489583333 0.0144531250 0.0076388889
0 0.4757812500 0.4579861111 0.0640625000 0.0215277778
0 0.6408203125 0.4569444444 0.0347656250 0.0194444444
0 0.4042968750 0.4534722222 0.0273437500 0.0097222222
0 0.7542968750 0.4541666667 0.0164062500 0.0097222222
0 0.7126953125 0.4607638889 0.0269531250 0.0131944444
0 0.6777343750 0.4645833333 0.0257812500 0.0180555556
0 0.5933593750 0.4642361111 0.0406250000 0.0145833333
0 0.6388671875 0.4784722222 0.0277343750 0.0138888889
