0 0.8390625000 0.2857638889 0.0781250000 0.0256944444
0 0.4580078125 0.2993055556 0.1183593750 0.0125000000
0 0.2291015625 0.3072916667 0.0199218750 0.0159722222
0 0.3484375000 0.3072916667 0.0109375000 0.0062500000
0 0.8427734375 0.3437500000 0.0238281250 0.0180555556
0 0.4726562500 0.3607638889 0.0125000000 0.0076388889
0 0.7802734375 0.3899305556 0.1308593750 0.0395833333
0 0.3460937500 0.3774305556 0.0257812500 0.0118055556
0 0.8574218750 0.3767361111 0.0125000000 0.0104166667
0 0.5173828125 0.3826388889 0.0183593750 0.0069444444
0 0.8607421875 0.3913194444 0.0339843750 0.0215277778
0 0.4888671875 0.3930555556 0.0214843750 0.0152777778
0 0.3695312500 0.3972222222 0.0226562500 0.0166666667
0 0.6873046875 0.3958333333 0.0269531250 0.0138888889
0 0.2363281250 0.3958333333 0.0265625000 0.0111111111
0 0.5433593750 0.3979166667 0.0554687500 0.0166666667
0 0.4173828125 0.4041666667 0.0410156250 0.0236111111
0 0.7607421875 0.4079861111 0.0558593750 0.0187500000
0 0.2236328125 0.4069444444 0.0082031250 0.0055555556
0 0.4710937500 0.4156250000 0.0742187500 0.0215277778
0 0.6410156250 0.4145833333 0.0335937500 0.0194444444
0 0.9146484375 0.4093750000 0.0105468750 0.0090277778
0 0.7162109375 0.4180555556 0.0308593750 0.0138888889
0 0.6050781250 0.4204861111 0.0179687500 0.0104166667
0 0.6335937500 0.4388888889 0.0140625000 0.0097222222
0 0.8777343750 0.4520833333 0.0351562500 0.0194444444
0 0.2437500000 0.4534722222 0.0085937500 0.0055555556
0 0.5609375000 0.4611111111 0.0164062500 0.0069444444
0 0.2101562500 0.4694444444 0.0101562500 0.0083333333
0 0.7648437500 0.4777777778 0.0148437500 0.0055555556
