0 0.2158203125 0.1243055556 0.0105468750 0.0083333333
0 0.8775390625 0.2208333333 0.0628906250 0.0152777778
0 0.2609375000 0.2388888889 0.0382812500 0.0222222222
0 0.3533203125 0.2607638889 0.0261718750 0.0229166667
0 0.7218750000 0.3093750000 0.0335937500 0.0243055556
0 0.4492187500 0.3069444444 0.0171875000 0.0138888889
0 0.8048828125 0.3038194444 0.0144531250 0.0090277778
0 0.8138671875 0.3204861111 0.0558593750 0.0243055556
0 0.4939453125 0.3187500000 0.0191406250 0.0125000000
0 0.5447265625 0.3170138889 0.0175781250 0.0104166667
0 0.7548828125 0.3260416667 0.0371093750 0.0229166667
0 0.4552734375 0.3284722222 0.0214843750 0.0111111111
0 0.6289062500 0.3340277778 0.0164062500 0.0125000000
0 0.6554687500 0.3333333333 0.0179687500 0.0097222222
0 0.2365234375 0.3381944444 0.0121093750 0.0069444444
0 0.8906250000 0.3385416667 0.0085937500 0.0048611111
0 0.8580078125 0.3427083333 0.0207031250 0.0076388889
0 0.9146484375 0.3493055556 0.0105468750 0.0083333333
0 0.8609375000 0.3788194444 0.0117187500 0.0104166667
0 0.8839843750 0.4736111111 0.0140625000 0.0125000000
