0 0.8601562500 0.3215277778 0.1000000000 0.0166666667
0 0.4908203125 0.3302083333 0.0300781250 0.0131944444
0 0.6832031250 0.3277777778 0.0101562500 0.0083333333
0 0.4310546875 0.3319444444 0.0386718750 0.0097222222
0 0.5166015625 0.3309027778 0.0082031250 0.0062500000
0 0.5865234375 0.3315972222 0.0082031250 0.0048611111
0 0.2380859375 0.3427083333 0.0253906250 0.0159722222
0 0.8814453125 0.3690972222 0.0769531250 0.0645833333
0 0.4285156250 0.4006944444 0.0257812500 0.0194444444
0 0.7751953125 0.4170138889 0.0964843750 0.0284722222
0 0.5146484375 0.4218750000 0.0472656250 0.0229166667
0 0.4619140625 0.4149305556 0.0144531250 0.0062500000
0 0.8390625000 0.4277777778 0.0382812500 0.0277777778
0 0.8779296875 0.4236111111 0.0238281250 0.0208333333
0 0.6259765625 0.4239583333 0.0167968750 0.0118055556
0 0.4162109375 0.4229166667 0.0089843750 0.0069444444
0 0.5380859375 0.4263888889 0.0175781250 0.0138888889
0 0.6742187500 0.4493055556 0.1312500000 0.0583333333
0 0.5650390625 0.4312500000 0.0238281250 0.0152777778
0 0.4208984375 0.4375000000 0.0582031250 0.0236111111
0 0.2576171875 0.4312500000 0.0105468750 0.0055555556
0 0.4755859375 0.4322916667 0.0097656250 0.0062500000
0 0.7968750000 0.4388888889 0.0179687500 0.0152777778
0 0.2367187500 0.4388888889 0.0078125000 0.0055555556
0 0.5195312500 0.4531250000 0.1609375000 0.0298611111
0 0.8388671875 0.4854166667 0.0199218750 0.0069444444
0 0.8632812500 0.4958333333 0.0109375000 0.0083333333
