0 0.8863281250 0.3072916667 0.0671875000 0.0173611111
0 0.3199218750 0.3114583333 0.0171875000 0.0104166667
0 0.2798828125 0.3232638889 0.0332031250 0.0215277778
0 0.2585937500 0.3197916667 0.0187500000 0.0131944444
0 0.4292968750 0.3270833333 0.0195312500 0.0138888889
0 0.6552734375 0.3885416667 0.0113281250 0.0090277778
0 0.7103515625 0.3913194444 0.0292968750 0.0145833333
0 0.6828125000 0.3982638889 0.0226562500 0.0159722222
0 0.5880859375 0.4055555556 0.0417968750 0.0208333333
0 0.6664062500 0.4069444444 0.0148437500 0.0083333333
0 0.5466796875 0.4107638889 0.0191406250 0.0131944444
0 0.2445312500 0.4239583333 0.0109375000 0.0076388889
0 0.8619140625 0.4274305556 0.0207031250 0.0090277778
0 0.8736328125 0.4368055556 0.0175781250 0.0097222222
0 0.9107421875 0.4545138889 0.0183593750 0.0131944444
0 0.4812500000 0.4642361111 0.0140625000 0.0118055556
0 0.8648437500 0.4642361111 0.0117187500 0.0104166667
0 0.4347656250 0.4652777778 0.0156250000 0.0097222222
0 0.9109375000 0.4715277778 0.0179687500 0.0138888889
0 0.8802734375 0.4767361111 0.0199218750 0.0131944444
0 0.8158203125 0.4770833333 0.0097656250 0.0041666667
