0 0.2380859375 0.1385416667 0.0464843750 0.0368055556
0 0.8437500000 0.2940972222 0.0140625000 0.0076388889
0 0.2585937500 0.3149305556 0.0992187500 0.0381944444
0 0.4009765625 0.3076388889 0.0082031250 0.0055555556
0 0.7703125000 0.3423611111 0.0234375000 0.0138888889
0 0.4125000000 0.3559027778 0.0132812500 0.0076388889
0 0.6394531250 0.3607638889 0.0125000000 0.0090277778
0 0.2962890625 0.3680555556 0.0121093750 0.0083333333
0 0.3886718750 0.3718750000 0.0179687500 0.0118055556
0 0.8003906250 0.3819444444 0.0367187500 0.0305555556
0 0.6800781250 0.3805555556 0.0359375000 0.0263888889
0 0.3316406250 0.3819444444 0.0531250000 0.0180555556
0 0.7052734375 0.4038194444 0.1636718750 0.0604166667
0 0.2208984375 0.3802083333 0.0113281250 0.0090277778
0 0.4369140625 0.3940972222 0.0285156250 0.0131944444
0 0.2187500000 0.3965277778 0.0101562500 0.0055555556
0 0.5439453125 0.4038194444 0.0160156250 0.0131944444
0 0.4939453125 0.4149305556 0.1011718750 0.0243055556
0 0.5761718750 0.4152777778 0.0421875000 0.0208333333
0 0.4158203125 0.4125000000 0.0160156250 0.0125000000
0 0.8871093750 0.4253472222 0.0156250000 0.0048611111
0 0.4417968750 0.4677083333 0.0171875000 0.0118055556
0 0.7929687500 0.4656250000 0.0125000000 0.0048611111
0 0.8408203125 0.4677083333 0.0089843750 0.0076388889
0 0.8966796875 0.4788194444 0.0464843750 0.0270833333
0 0.8681640625 0.4746527778 0.0121093750 0.0048611111
