0 0.9031250000 0.1534722222 0.0335937500 0.0222222222
0 0.8437500000 0.1548611111 0.0140625000 0.0125000000
0 0.7919921875 0.1572916667 0.0214843750 0.0145833333
0 0.7177734375 0.1559027778 0.0230468750 0.0104166667
0 0.7625000000 0.1565972222 0.0179687500 0.0104166667
0 0.6609375000 0.1593750000 0.0210937500 0.0131944444
0 0.6845703125 0.1572916667 0.0121093750 0.0090277778
0 0.1251953125 0.1652777778 0.0277343750 0.0236111111
0 0.4990234375 0.1604166667 0.0378906250 0.0097222222
0 0.5574218750 0.1621527778 0.0531250000 0.0145833333
0 0.4128906250 0.1625000000 0.0281250000 0.0125000000
0 0.4550781250 0.1635416667 0.0289062500 0.0131944444
0 0.2978515625 0.1656250000 0.0222656250 0.0145833333
0 0.3400390625 0.1642361111 0.0230468750 0.0118055556
0 0.2234375000 0.1652777778 0.0171875000 0.0125000000
0 0.5380859375 0.3576388889 0.0167968750 0.0111111111
0 0.4355468750 0.3590277778 0.0304687500 0.0111111111
0 0.4835937500 0.3572916667 0.0132812500 0.0062500000
0 0.7863281250 0.4354166667 0.0382812500 0.0180555556
0 0.8939453125 0.4458333333 0.0519531250 0.0402777778
0 0.6359375000 0.4423611111 0.0257812500 0.0138888889
0 0.4289062500 0.4444444444 0.0109375000 0.0097222222
0 0.8246093750 0.4503472222 0.0250000000 0.0201388889
0 0.4074218750 0.4493055556 0.0218750000 0.0097222222
0 0.7986328125 0.4465277778 0.0066406250 0.0055555556
0 0.4808593750 0.4614583333 0.0476562500 0.0326388889
0 0.3759765625 0.4555555556 0.0238281250 0.0180555556
0 0.5546875000 0.4531250000 0.0242187500 0.0090277778
0 0.6826171875 0.4673611111 0.0363281250 0.0250000000
0 0.5177734375 0.4635416667 0.0230468750 0.0118055556
0 0.7253906250 0.4704861111 0.0179687500 0.0118055556
0 0.5644531250 0.4729166667 0.0710937500 0.0138888889
