0 0.0833984375 0.1229166667 0.0066406250 0.0055555556
0 0.8490234375 0.2628472222 0.0308593750 0.0201388889
0 0.8203125000 0.2604166667 0.0093750000 0.0055555556
0 0.8837890625 0.2652777778 0.0191406250 0.0125000000
0 0.4507812500 0.2732638889 0.0148437500 0.0048611111
0 0.4015625000 0.2815972222 0.0414062500 0.0173611111
0 0.3566406250 0.2857638889 0.0179687500 0.0118055556
0 0.5472656250 0.3215277778 0.0242187500 0.0152777778
0 0.4960937500 0.3260416667 0.0671875000 0.0215277778
0 0.5525390625 0.3298611111 0.0113281250 0.0055555556
0 0.7144531250 0.3697916667 0.0773437500 0.0493055556
0 0.2636718750 0.3562500000 0.0109375000 0.0069444444
0 0.4519531250 0.3611111111 0.0171875000 0.0125000000
0 0.5585937500 0.3722222222 0.0687500000 0.0208333333
0 0.6589843750 0.3718750000 0.0218750000 0.0187500000
0 0.4972656250 0.3732638889 0.0257812500 0.0201388889
0 0.6179687500 0.3875000000 0.0453125000 0.0125000000
0 0.8531250000 0.4097222222 0.0257812500 0.0138888889
0 0.8923828125 0.4149305556 0.0121093750 0.0104166667
0 0.2623046875 0.4208333333 0.0136718750 0.0083333333
0 0.2367187500 0.4232638889 0.0140625000 0.0076388889
0 0.8783203125 0.4322916667 0.0246093750 0.0201388889
0 0.8072265625 0.4312500000 0.0238281250 0.0111111111
0 0.8552734375 0.4482638889 0.0113281250 0.0076388889
0 0.2841796875 0.4697916667 0.0089843750 0.0076388889
0 0.2085937500 0.4906250000 0.0140625000 0.0090277778
