0 0.8539062500 0.3513888889 0.0109375000 0.0097222222
0 0.8972656250 0.3611111111 0.0453125000 0.0152777778
0 0.5121093750 0.3611111111 0.0109375000 0.0069444444
0 0.4539062500 0.3638888889 0.0078125000 0.0069444444
0 0.2707031250 0.3687500000 0.0226562500 0.0125000000
0 0.2353515625 0.3743055556 0.0332031250 0.0180555556
0 0.8179687500 0.3958333333 0.0179687500 0.0097222222
0 0.3406250000 0.4298611111 0.0320312500 0.0166666667
0 0.8625000000 0.4402777778 0.0601562500 0.0375000000
0 0.3765625000 0.4329861111 0.0171875000 0.0090277778
0 0.7488281250 0.4451388889 0.0250000000 0.0138888889
0 0.4109375000 0.4479166667 0.0289062500 0.0138888889
0 0.3416015625 0.4461805556 0.0160156250 0.0076388889
0 0.4531250000 0.4541666667 0.0242187500 0.0166666667
0 0.6732421875 0.4538194444 0.0167968750 0.0145833333
0 0.7167968750 0.4541666667 0.0164062500 0.0125000000
0 0.3732421875 0.4638888889 0.0410156250 0.0222222222
0 0.6263671875 0.4565972222 0.0121093750 0.0090277778
0 0.4853515625 0.4788194444 0.0652343750 0.0187500000
0 0.6046875000 0.4781250000 0.0109375000 0.0062500000
0 0.5375000000 0.4836805556 0.0226562500 0.0145833333
