0 0.2164062500 0.1218750000 0.0117187500 0.0034722222
0 0.8470703125 0.2583333333 0.0214843750 0.0166666667
0 0.2341796875 0.2767361111 0.0667968750 0.0381944444
0 0.3966796875 0.3302083333 0.0292968750 0.0173611111
0 0.8150390625 0.3763888889 0.2097656250 0.0819444444
0 0.3695312500 0.3555555556 0.0132812500 0.0111111111
0 0.5173828125 0.3597222222 0.0230468750 0.0083333333
0 0.4371093750 0.3840277778 0.1484375000 0.0305555556
0 0.2412109375 0.3777777778 0.0253906250 0.0152777778
0 0.5320312500 0.3829861111 0.0148437500 0.0090277778
0 0.6044921875 0.3836805556 0.0207031250 0.0104166667
0 0.6449218750 0.3909722222 0.0296875000 0.0208333333
0 0.5591796875 0.3892361111 0.0152343750 0.0104166667
0 0.6998046875 0.3899305556 0.0144531250 0.0076388889
0 0.6849609375 0.3958333333 0.0144531250 0.0083333333
0 0.8537109375 0.4114583333 0.0191406250 0.0131944444
0 0.3089843750 0.4145833333 0.0093750000 0.0069444444
0 0.4693359375 0.4197916667 0.0121093750 0.0076388889
0 0.2589843750 0.4218750000 0.0140625000 0.0090277778
0 0.2341796875 0.4229166667 0.0136718750 0.0069444444
0 0.9164062500 0.4243055556 0.0070312500 0.0055555556
0 0.8105468750 0.4302083333 0.0085937500 0.0076388889
0 0.8779296875 0.4357638889 0.0152343750 0.0131944444
0 0.8482421875 0.4493055556 0.0167968750 0.0069444444
0 0.2712890625 0.4666666667 0.0277343750 0.0152777778
0 0.5236328125 0.4704861111 0.0425781250 0.0159722222
0 0.4777343750 0.4697916667 0.0140625000 0.0076388889
0 0.8023437500 0.4736111111 0.0085937500 0.0055555556
0 0.5462890625 0.4809027778 0.0128906250 0.0104166667
