0 0.2300781250 0.1458333333 0.0101562500 0.0055555556
0 0.8697265625 0.2881944444 0.0519531250 0.0194444444
0 0.5671875000 0.2934027778 0.0140625000 0.0062500000
0 0.4501953125 0.2986111111 0.0894531250 0.0152777778
0 0.3998046875 0.3555555556 0.1214843750 0.0986111111
0 0.8244140625 0.3232638889 0.0089843750 0.0048611111
0 0.7691406250 0.3312500000 0.0148437500 0.0125000000
0 0.7365234375 0.3336805556 0.0136718750 0.0118055556
0 0.7664062500 0.3517361111 0.0179687500 0.0159722222
0 0.4792968750 0.3534722222 0.0234375000 0.0166666667
0 0.8824218750 0.3600694444 0.0171875000 0.0104166667
0 0.7267578125 0.3743055556 0.0246093750 0.0111111111
0 0.7933593750 0.3916666667 0.1070312500 0.0444444444
0 0.7886718750 0.3767361111 0.0203125000 0.0118055556
0 0.8619140625 0.3857638889 0.0269531250 0.0131944444
0 0.7189453125 0.3850694444 0.0199218750 0.0076388889
0 0.5615234375 0.3916666667 0.0253906250 0.0180555556
0 0.6234375000 0.3902777778 0.0187500000 0.0152777778
0 0.5320312500 0.3920138889 0.0187500000 0.0159722222
0 0.6798828125 0.3944444444 0.0246093750 0.0097222222
0 0.6533203125 0.4086805556 0.0355468750 0.0173611111
0 0.4681640625 0.4100694444 0.0152343750 0.0062500000
0 0.5494140625 0.4159722222 0.0332031250 0.0138888889
0 0.8857421875 0.4479166667 0.0238281250 0.0152777778
0 0.8478515625 0.4472222222 0.0105468750 0.0055555556
0 0.8228515625 0.4517361111 0.0175781250 0.0118055556
0 0.8603515625 0.4756944444 0.0113281250 0.0083333333
