0 0.7759765625 0.1465277778 0.0207031250 0.0083333333
0 0.5298828125 0.1513888889 0.0207031250 0.0138888889
0 0.6937500000 0.1486111111 0.0218750000 0.0097222222
0 0.5761718750 0.1517361111 0.0171875000 0.0118055556
0 0.6261718750 0.1506944444 0.0453125000 0.0097222222
0 0.2542968750 0.1597222222 0.0703125000 0.0263888889
0 0.3234375000 0.1562500000 0.0343750000 0.0180555556
0 0.4089843750 0.1562500000 0.0570312500 0.0180555556
0 0.4595703125 0.1555555556 0.0238281250 0.0166666667
0 0.4931640625 0.1541666667 0.0238281250 0.0152777778
0 0.3710937500 0.1642361111 0.0093750000 0.0076388889
0 0.9048828125 0.3510416667 0.0136718750 0.0104166667
0 0.6224609375 0.3517361111 0.0121093750 0.0090277778
0 0.3345703125 0.3555555556 0.0558593750 0.0152777778
0 0.2853515625 0.3652777778 0.0292968750 0.0180555556
0 0.7205078125 0.4100694444 0.0121093750 0.0062500000
0 0.6585937500 0.4218750000 0.0093750000 0.0076388889
0 0.7429687500 0.4420138889 0.0468750000 0.0243055556
0 0.6306640625 0.4437500000 0.0300781250 0.0250000000
