0 0.2197265625 0.1239583333 0.0371093750 0.0076388889
0 0.2548828125 0.1222222222 0.0113281250 0.0041666667
0 0.3003906250 0.1225694444 0.0179687500 0.0048611111
0 0.2345703125 0.1340277778 0.0128906250 0.0069444444
0 0.8453125000 0.2333333333 0.0570312500 0.0180555556
0 0.5396484375 0.2444444444 0.0191406250 0.0125000000
0 0.4361328125 0.2468750000 0.1089843750 0.0145833333
0 0.5062500000 0.2447916667 0.0140625000 0.0076388889
0 0.3556640625 0.2527777778 0.0167968750 0.0111111111
0 0.2476562500 0.2548611111 0.0140625000 0.0069444444
0 0.8085937500 0.3298611111 0.0773437500 0.0347222222
0 0.8513671875 0.3250000000 0.0207031250 0.0152777778
0 0.7273437500 0.3347222222 0.0234375000 0.0125000000
0 0.4072265625 0.3371527778 0.0183593750 0.0076388889
0 0.4898437500 0.3413194444 0.0187500000 0.0131944444
0 0.6275390625 0.3583333333 0.0261718750 0.0222222222
0 0.6960937500 0.3506944444 0.0101562500 0.0083333333
0 0.4837890625 0.3576388889 0.0230468750 0.0166666667
0 0.7296875000 0.3559027778 0.0125000000 0.0076388889
0 0.5435546875 0.3611111111 0.0191406250 0.0125000000
0 0.8390625000 0.3708333333 0.0132812500 0.0097222222
0 0.7746093750 0.3822916667 0.0148437500 0.0090277778
0 0.8855468750 0.4048611111 0.0117187500 0.0083333333
0 0.8199218750 0.4291666667 0.0125000000 0.0111111111
0 0.8886718750 0.4347222222 0.0328125000 0.0222222222
0 0.4931640625 0.4649305556 0.0152343750 0.0062500000
0 0.7859375000 0.4861111111 0.0164062500 0.0125000000
0 0.8207031250 0.4899305556 0.0257812500 0.0159722222
