0 0.8492187500 0.3201388889 0.0187500000 0.0166666667
0 0.5894531250 0.3295138889 0.0085937500 0.0076388889
0 0.2626953125 0.3430555556 0.0839843750 0.0319444444
0 0.4253906250 0.3385416667 0.1476562500 0.0229166667
0 0.5359375000 0.3322916667 0.0273437500 0.0104166667
0 0.4173828125 0.4048611111 0.0269531250 0.0180555556
0 0.4794921875 0.4079861111 0.0230468750 0.0076388889
0 0.2250000000 0.4093750000 0.0125000000 0.0076388889
0 0.8697265625 0.4135416667 0.0261718750 0.0159722222
0 0.7826171875 0.4250000000 0.1175781250 0.0347222222
0 0.4162109375 0.4336805556 0.0667968750 0.0312500000
0 0.6302734375 0.4232638889 0.0175781250 0.0104166667
0 0.5070312500 0.4270833333 0.0148437500 0.0069444444
0 0.5832031250 0.4395833333 0.0859375000 0.0222222222
0 0.5269531250 0.4329861111 0.0070312500 0.0062500000
0 0.4837890625 0.4364583333 0.0074218750 0.0062500000
0 0.5072265625 0.4423611111 0.0214843750 0.0152777778
0 0.2601562500 0.4388888889 0.0125000000 0.0069444444
0 0.6943359375 0.4493055556 0.0191406250 0.0138888889
0 0.8429687500 0.4628472222 0.0203125000 0.0131944444
0 0.6703125000 0.4784722222 0.0140625000 0.0097222222
0 0.7523437500 0.4777777778 0.0125000000 0.0069444444
0 0.8640625000 0.4854166667 0.0406250000 0.0097222222
0 0.8162109375 0.4881944444 0.0285156250 0.0111111111
