0 0.1666015625 0.1392361111 0.0230468750 0.0201388889
0 0.8500000000 0.3166666667 0.0390625000 0.0180555556
0 0.5312500000 0.3267361111 0.0078125000 0.0062500000
0 0.4351562500 0.3309027778 0.0640625000 0.0131944444
0 0.3855468750 0.3322916667 0.0132812500 0.0104166667
0 0.2511718750 0.3340277778 0.0109375000 0.0097222222
0 0.8187500000 0.3979166667 0.2023437500 0.1333333333
0 0.2259765625 0.3479166667 0.0253906250 0.0111111111
0 0.8476562500 0.3618055556 0.0171875000 0.0138888889
0 0.4261718750 0.3739583333 0.0187500000 0.0131944444
0 0.3916015625 0.3916666667 0.0191406250 0.0152777778
0 0.4974609375 0.3961805556 0.0074218750 0.0048611111
0 0.3742187500 0.4128472222 0.0343750000 0.0201388889
0 0.4197265625 0.4111111111 0.0410156250 0.0166666667
0 0.3343750000 0.4159722222 0.0250000000 0.0222222222
0 0.5183593750 0.4159722222 0.0250000000 0.0180555556
0 0.6048828125 0.4114583333 0.0074218750 0.0048611111
0 0.6589843750 0.4440972222 0.0664062500 0.0493055556
0 0.5984375000 0.4288194444 0.0343750000 0.0173611111
0 0.5414062500 0.4392361111 0.0476562500 0.0201388889
0 0.4734375000 0.4524305556 0.0734375000 0.0451388889
0 0.6066406250 0.4409722222 0.0156250000 0.0083333333
0 0.5601562500 0.4475694444 0.0210937500 0.0131944444
0 0.5962890625 0.4517361111 0.0332031250 0.0187500000
0 0.2343750000 0.4506944444 0.0101562500 0.0055555556
0 0.8490234375 0.4690972222 0.0105468750 0.0062500000
0 0.3121093750 0.4753472222 0.0117187500 0.0104166667
0 0.8880859375 0.4781250000 0.0097656250 0.0048611111
0 0.2669921875 0.4822916667 0.0183593750 0.0090277778
0 0.2367187500 0.4840277778 0.0140625000 0.0069444444
0 0.8771484375 0.4923611111 0.0152343750 0.0097222222
