0 0.8572265625 0.3267361111 0.0386718750 0.0159722222
0 0.8949218750 0.3263888889 0.0101562500 0.0083333333
0 0.5121093750 0.3357638889 0.0164062500 0.0048611111
0 0.5429687500 0.3361111111 0.0171875000 0.0055555556
0 0.4431640625 0.3392361111 0.0378906250 0.0090277778
0 0.3916015625 0.3423611111 0.0128906250 0.0111111111
0 0.2275390625 0.3583333333 0.0113281250 0.0069444444
0 0.8488281250 0.3770833333 0.0304687500 0.0194444444
0 0.8873046875 0.3982638889 0.0191406250 0.0131944444
0 0.7957031250 0.4128472222 0.0125000000 0.0090277778
0 0.8064453125 0.4281250000 0.0832031250 0.0409722222
0 0.4201171875 0.4215277778 0.0261718750 0.0166666667
0 0.5242187500 0.4260416667 0.0226562500 0.0201388889
0 0.3613281250 0.4256944444 0.0679687500 0.0166666667
0 0.4617187500 0.4329861111 0.0382812500 0.0187500000
0 0.7052734375 0.4309027778 0.0121093750 0.0090277778
0 0.6453125000 0.4326388889 0.0140625000 0.0097222222
0 0.5521484375 0.4500000000 0.0652343750 0.0277777778
0 0.4925781250 0.4517361111 0.0375000000 0.0256944444
0 0.6912109375 0.4541666667 0.0214843750 0.0180555556
0 0.6019531250 0.4593750000 0.0171875000 0.0145833333
0 0.8597656250 0.4802083333 0.0203125000 0.0118055556
0 0.8824218750 0.4986111111 0.0203125000 0.0027777778
