0 0.2445312500 0.1340277778 0.0132812500 0.0097222222
0 0.8783203125 0.1975694444 0.0832031250 0.0340277778
0 0.8261718750 0.1986111111 0.0156250000 0.0111111111
0 0.4587890625 0.2069444444 0.0300781250 0.0111111111
0 0.4080078125 0.2097222222 0.0269531250 0.0097222222
0 0.2437500000 0.2256944444 0.0546875000 0.0347222222
0 0.6720703125 0.2312500000 0.0105468750 0.0083333333
0 0.7746093750 0.2423611111 0.0195312500 0.0166666667
0 0.8572265625 0.2906250000 0.1253906250 0.0562500000
0 0.4601562500 0.2736111111 0.0101562500 0.0083333333
0 0.7402343750 0.2868055556 0.0304687500 0.0166666667
0 0.3798828125 0.2927083333 0.0535156250 0.0201388889
0 0.5298828125 0.2871527778 0.0191406250 0.0076388889
0 0.4673828125 0.2902777778 0.0089843750 0.0055555556
0 0.4458984375 0.2940972222 0.0175781250 0.0118055556
0 0.7027343750 0.3211805556 0.0492187500 0.0312500000
0 0.4773437500 0.3225694444 0.0390625000 0.0326388889
0 0.6136718750 0.3190972222 0.0125000000 0.0104166667
0 0.3968750000 0.3232638889 0.0101562500 0.0048611111
0 0.5531250000 0.3333333333 0.0328125000 0.0152777778
0 0.5855468750 0.3347222222 0.0101562500 0.0083333333
0 0.8447265625 0.3524305556 0.0167968750 0.0131944444
0 0.8476562500 0.3878472222 0.0125000000 0.0104166667
0 0.7935546875 0.3979166667 0.0128906250 0.0111111111
0 0.8871093750 0.4965277778 0.0125000000 0.0069444444
