0 0.0859375000 0.1461805556 0.0117187500 0.0104166667
0 0.4710937500 0.1444444444 0.0125000000 0.0055555556
0 0.8271484375 0.3263888889 0.0253906250 0.0166666667
0 0.8580078125 0.3267361111 0.0191406250 0.0118055556
0 0.4751953125 0.3420138889 0.0613281250 0.0118055556
0 0.4039062500 0.3437500000 0.0453125000 0.0138888889
0 0.8503906250 0.3951388889 0.1390625000 0.1152777778
0 0.3218750000 0.4111111111 0.0125000000 0.0097222222
0 0.7384765625 0.4159722222 0.0175781250 0.0125000000
0 0.7617187500 0.4184027778 0.0085937500 0.0076388889
0 0.3363281250 0.4340277778 0.0320312500 0.0194444444
0 0.4482421875 0.4381944444 0.0347656250 0.0250000000
0 0.5484375000 0.4343750000 0.0226562500 0.0145833333
0 0.6169921875 0.4368055556 0.0199218750 0.0138888889
0 0.4939453125 0.4416666667 0.0222656250 0.0152777778
0 0.2316406250 0.4430555556 0.0109375000 0.0097222222
0 0.7683593750 0.4458333333 0.0156250000 0.0138888889
0 0.6726562500 0.4524305556 0.0976562500 0.0229166667
0 0.5306640625 0.4545138889 0.0199218750 0.0090277778
0 0.4693359375 0.4579861111 0.0222656250 0.0104166667
0 0.5552734375 0.4600694444 0.0214843750 0.0104166667
0 0.5917968750 0.4635416667 0.0156250000 0.0118055556
0 0.8562500000 0.4704861111 0.0296875000 0.0118055556
0 0.2753906250 0.4774305556 0.0164062500 0.0076388889
