0 0.8148437500 0.3913194444 0.2101562500 0.1854166667
0 0.7582031250 0.3184027778 0.0156250000 0.0090277778
0 0.2722656250 0.3305555556 0.0242187500 0.0111111111
0 0.4005859375 0.3489583333 0.1019531250 0.0451388889
0 0.2423828125 0.3496527778 0.0441406250 0.0354166667
0 0.2054687500 0.3718750000 0.0132812500 0.0104166667
0 0.8042968750 0.3888888889 0.0101562500 0.0083333333
0 0.3601562500 0.4218750000 0.0468750000 0.0270833333
0 0.4275390625 0.4170138889 0.0183593750 0.0104166667
0 0.4896484375 0.4274305556 0.0105468750 0.0076388889
0 0.4761718750 0.4378472222 0.0085937500 0.0076388889
0 0.5148437500 0.4406250000 0.0210937500 0.0118055556
0 0.2236328125 0.4503472222 0.0160156250 0.0131944444
0 0.6214843750 0.4538194444 0.0148437500 0.0090277778
0 0.8330078125 0.4583333333 0.0222656250 0.0152777778
0 0.8156250000 0.4729166667 0.0156250000 0.0083333333
0 0.2560546875 0.4760416667 0.0105468750 0.0048611111
0 0.4615234375 0.4805555556 0.0089843750 0.0055555556
0 0.8093750000 0.4850694444 0.0132812500 0.0090277778
0 0.8615234375 0.4899305556 0.0566406250 0.0201388889
0 0.2218750000 0.4875000000 0.0164062500 0.0111111111
0 0.9150390625 0.4958333333 0.0097656250 0.0083333333
