0 0.9054687500 0.1482638889 0.0289062500 0.0187500000
0 0.6310546875 0.1583333333 0.4574218750 0.0291666667
0 0.2597656250 0.1593750000 0.0179687500 0.0131944444
0 0.3009765625 0.1607638889 0.0488281250 0.0173611111
0 0.3835937500 0.1604166667 0.0171875000 0.0152777778
0 0.3517578125 0.1625000000 0.0363281250 0.0152777778
0 0.8460937500 0.3434027778 0.0203125000 0.0145833333
0 0.5328125000 0.3517361111 0.0101562500 0.0062500000
0 0.2359375000 0.3565972222 0.0125000000 0.0104166667
0 0.4986328125 0.3524305556 0.0121093750 0.0034722222
0 0.4259765625 0.3555555556 0.0113281250 0.0055555556
0 0.2482421875 0.3690972222 0.0222656250 0.0187500000
0 0.2220703125 0.3746527778 0.0152343750 0.0104166667
0 0.4132812500 0.4166666667 0.0187500000 0.0138888889
0 0.6482421875 0.4312500000 0.0152343750 0.0097222222
0 0.4083984375 0.4340277778 0.0160156250 0.0125000000
0 0.7980468750 0.4510416667 0.1750000000 0.0479166667
0 0.5193359375 0.4416666667 0.0246093750 0.0166666667
0 0.3800781250 0.4406250000 0.0257812500 0.0104166667
0 0.6078125000 0.4531250000 0.0375000000 0.0090277778
0 0.4445312500 0.4704861111 0.1390625000 0.0326388889
0 0.5535156250 0.4680555556 0.0531250000 0.0291666667
0 0.6789062500 0.4628472222 0.0226562500 0.0145833333
0 0.6281250000 0.4715277778 0.0687500000 0.0291666667
0 0.6916015625 0.4781250000 0.0363281250 0.0159722222
0 0.9136718750 0.4826388889 0.0125000000 0.0111111111
