0 0.2156250000 0.1218750000 0.0125000000 0.0034722222
0 0.8552734375 0.2607638889 0.0253906250 0.0131944444
0 0.6601562500 0.2659722222 0.0117187500 0.0097222222
0 0.8958984375 0.2645833333 0.0277343750 0.0083333333
0 0.2613281250 0.2781250000 0.0679687500 0.0243055556
0 0.4531250000 0.2729166667 0.0203125000 0.0138888889
0 0.4062500000 0.2750000000 0.0085937500 0.0069444444
0 0.8121093750 0.3059027778 0.0210937500 0.0187500000
0 0.7781250000 0.3256944444 0.0109375000 0.0083333333
0 0.8242187500 0.3552083333 0.1054687500 0.0479166667
0 0.7533203125 0.3461805556 0.0222656250 0.0131944444
0 0.4857421875 0.3472222222 0.0152343750 0.0111111111
0 0.4058593750 0.3569444444 0.0554687500 0.0222222222
0 0.6681640625 0.3538194444 0.0246093750 0.0159722222
0 0.2181640625 0.3503472222 0.0144531250 0.0076388889
0 0.5650390625 0.3607638889 0.0675781250 0.0270833333
0 0.7410156250 0.3690972222 0.0460937500 0.0284722222
0 0.4863281250 0.3690972222 0.0468750000 0.0173611111
0 0.6875000000 0.3711805556 0.0320312500 0.0215277778
0 0.4404296875 0.3809027778 0.0347656250 0.0131944444
0 0.8935546875 0.4388888889 0.0105468750 0.0069444444
0 0.8818359375 0.4520833333 0.0449218750 0.0194444444
0 0.8960937500 0.4708333333 0.0125000000 0.0111111111
0 0.8054687500 0.4753472222 0.0226562500 0.0062500000
