0 0.3386718750 0.3159722222 0.0164062500 0.0111111111
0 0.8953125000 0.3152777778 0.0406250000 0.0097222222
0 0.3052734375 0.3225694444 0.0402343750 0.0187500000
0 0.2673828125 0.3312500000 0.0253906250 0.0125000000
0 0.4109375000 0.3364583333 0.0171875000 0.0104166667
0 0.7693359375 0.3513888889 0.0285156250 0.0236111111
0 0.7996093750 0.3909722222 0.0617187500 0.0347222222
0 0.7572265625 0.3836805556 0.0105468750 0.0090277778
0 0.8533203125 0.3902777778 0.0097656250 0.0069444444
0 0.5101562500 0.4104166667 0.0281250000 0.0180555556
0 0.6861328125 0.4121527778 0.0347656250 0.0187500000
0 0.6210937500 0.4097222222 0.0078125000 0.0055555556
0 0.5970703125 0.4197916667 0.0621093750 0.0187500000
0 0.8964843750 0.4170138889 0.0140625000 0.0048611111
0 0.9152343750 0.4482638889 0.0093750000 0.0034722222
0 0.8781250000 0.4572916667 0.0109375000 0.0048611111
0 0.8046875000 0.4836805556 0.0125000000 0.0062500000
0 0.8652343750 0.4833333333 0.0101562500 0.0069444444
0 0.8648437500 0.4920138889 0.0117187500 0.0048611111
