0 0.9119140625 0.1475694444 0.0160156250 0.0118055556
0 0.8519531250 0.1486111111 0.0093750000 0.0083333333
0 0.6777343750 0.1531250000 0.0507812500 0.0131944444
0 0.7240234375 0.1500000000 0.0199218750 0.0055555556
0 0.1335937500 0.1614583333 0.0335937500 0.0270833333
0 0.5757812500 0.1548611111 0.0304687500 0.0138888889
0 0.6251953125 0.1541666667 0.0488281250 0.0097222222
0 0.2326171875 0.1569444444 0.0152343750 0.0125000000
0 0.5197265625 0.1552083333 0.0316406250 0.0090277778
0 0.2658203125 0.1604166667 0.0175781250 0.0152777778
0 0.8718750000 0.3427083333 0.0070312500 0.0062500000
0 0.4457031250 0.3552083333 0.0335937500 0.0118055556
0 0.4949218750 0.3538194444 0.0125000000 0.0048611111
0 0.7957031250 0.4340277778 0.0351562500 0.0236111111
0 0.3546875000 0.4281250000 0.0125000000 0.0048611111
0 0.8416015625 0.4517361111 0.0371093750 0.0298611111
0 0.4261718750 0.4461805556 0.0218750000 0.0131944444
0 0.3357421875 0.4500000000 0.0199218750 0.0152777778
0 0.4992187500 0.4510416667 0.0140625000 0.0090277778
0 0.2441406250 0.4569444444 0.0156250000 0.0125000000
0 0.6255859375 0.4621527778 0.0160156250 0.0131944444
0 0.7210937500 0.4652777778 0.0445312500 0.0166666667
0 0.4970703125 0.4666666667 0.0347656250 0.0180555556
0 0.5447265625 0.4687500000 0.0332031250 0.0152777778
0 0.6871093750 0.4690972222 0.0250000000 0.0145833333
0 0.5794921875 0.4666666667 0.0089843750 0.0055555556
0 0.6046875000 0.4715277778 0.0164062500 0.0125000000
0 0.6398437500 0.4743055556 0.0148437500 0.0069444444
0 0.5863281250 0.4788194444 0.0179687500 0.0104166667
