0 0.5921875000 0.2604166667 0.0710937500 0.0152777778
0 0.4748046875 0.2645833333 0.0464843750 0.0180555556
0 0.6818359375 0.2586805556 0.0277343750 0.0076388889
0 0.5308593750 0.2611111111 0.0304687500 0.0097222222
0 0.2699218750 0.2722222222 0.0664062500 0.0250000000
0 0.3955078125 0.2694444444 0.0113281250 0.0069444444
0 0.5150390625 0.3045138889 0.0707031250 0.0493055556
0 0.6146484375 0.2996527778 0.0316406250 0.0187500000
0 0.7714843750 0.2934027778 0.0093750000 0.0076388889
0 0.6785156250 0.3222222222 0.0117187500 0.0069444444
0 0.8164062500 0.3336805556 0.0117187500 0.0104166667
0 0.4453125000 0.3489583333 0.0617187500 0.0201388889
0 0.8414062500 0.3496527778 0.0351562500 0.0229166667
0 0.6417968750 0.3500000000 0.0179687500 0.0111111111
0 0.7984375000 0.3649305556 0.0460937500 0.0409722222
0 0.7367187500 0.3642361111 0.0257812500 0.0215277778
0 0.5777343750 0.3659722222 0.0296875000 0.0208333333
0 0.4011718750 0.3625000000 0.0117187500 0.0097222222
0 0.5031250000 0.3711805556 0.0734375000 0.0256944444
0 0.6263671875 0.3690972222 0.0246093750 0.0131944444
0 0.8496093750 0.3836805556 0.0171875000 0.0062500000
0 0.8746093750 0.4166666667 0.0132812500 0.0097222222
0 0.7820312500 0.4802083333 0.0226562500 0.0076388889
