0 0.8816406250 0.3097222222 0.0765625000 0.0180555556
0 0.2871093750 0.3187500000 0.1000000000 0.0305555556
0 0.4765625000 0.3958333333 0.0593750000 0.0250000000
0 0.5464843750 0.4041666667 0.0367187500 0.0236111111
0 0.9078125000 0.4055555556 0.0242187500 0.0152777778
0 0.6710937500 0.4121527778 0.0515625000 0.0215277778
0 0.5857421875 0.4131944444 0.0089843750 0.0069444444
0 0.9167968750 0.4277777778 0.0062500000 0.0055555556
0 0.8482421875 0.4510416667 0.0113281250 0.0076388889
0 0.2531250000 0.4743055556 0.0187500000 0.0069444444
0 0.8158203125 0.4743055556 0.0097656250 0.0069444444
0 0.8619140625 0.4729166667 0.0105468750 0.0041666667
0 0.8548828125 0.4812500000 0.0113281250 0.0069444444
0 0.8859375000 0.4836805556 0.0304687500 0.0104166667
0 0.7720703125 0.4871527778 0.0113281250 0.0076388889
0 0.9042968750 0.4968750000 0.0148437500 0.0062500000
