0 0.6943359375 0.1475694444 0.0464843750 0.0118055556
0 0.5232421875 0.1531250000 0.2792968750 0.0215277778
0 0.2205078125 0.1524305556 0.0347656250 0.0173611111
0 0.2894531250 0.1527777778 0.0765625000 0.0180555556
0 0.3562500000 0.1531250000 0.0343750000 0.0145833333
0 0.8492187500 0.3357638889 0.0195312500 0.0131944444
0 0.4294921875 0.3520833333 0.0894531250 0.0263888889
0 0.4970703125 0.3489583333 0.0253906250 0.0118055556
0 0.3591796875 0.3604166667 0.0183593750 0.0111111111
0 0.9130859375 0.3746527778 0.0136718750 0.0076388889
0 0.5445312500 0.3965277778 0.0101562500 0.0055555556
0 0.5814453125 0.4138888889 0.0089843750 0.0069444444
0 0.6382812500 0.4454861111 0.2250000000 0.0534722222
0 0.4587890625 0.4350694444 0.0222656250 0.0118055556
0 0.5003906250 0.4496527778 0.0304687500 0.0215277778
0 0.2775390625 0.4517361111 0.0128906250 0.0062500000
0 0.2378906250 0.4663194444 0.0093750000 0.0048611111
0 0.8515625000 0.4847222222 0.0257812500 0.0125000000
0 0.8904296875 0.4902777778 0.0113281250 0.0097222222
0 0.2669921875 0.4958333333 0.0097656250 0.0083333333
0 0.2410156250 0.4975694444 0.0132812500 0.0048611111
