0 0.8466796875 0.3041666667 0.0339843750 0.0152777778
0 0.8958984375 0.3104166667 0.0480468750 0.0152777778
0 0.2750000000 0.3184027778 0.0859375000 0.0256944444
0 0.7695312500 0.3378472222 0.0078125000 0.0062500000
0 0.8478515625 0.3586805556 0.0128906250 0.0076388889
0 0.4533203125 0.3784722222 0.0253906250 0.0152777778
0 0.3978515625 0.3937500000 0.0152343750 0.0125000000
0 0.7572265625 0.3961805556 0.0292968750 0.0145833333
0 0.5835937500 0.3958333333 0.0109375000 0.0097222222
0 0.4386718750 0.4097222222 0.0398437500 0.0250000000
0 0.2296875000 0.4031250000 0.0171875000 0.0076388889
0 0.5582031250 0.4059027778 0.0132812500 0.0090277778
0 0.6275390625 0.4072916667 0.0105468750 0.0090277778
0 0.4806640625 0.4263888889 0.0535156250 0.0208333333
0 0.8201171875 0.4552083333 0.0113281250 0.0048611111
0 0.8878906250 0.4687500000 0.0320312500 0.0180555556
0 0.8832031250 0.4885416667 0.0734375000 0.0229166667
