0 0.1242187500 0.1881944444 0.0195312500 0.0125000000
0 0.8458984375 0.3562500000 0.0199218750 0.0125000000
0 0.5324218750 0.3642361111 0.0078125000 0.0062500000
0 0.4601562500 0.3663194444 0.0156250000 0.0076388889
0 0.5083984375 0.3652777778 0.0128906250 0.0055555556
0 0.2380859375 0.3781250000 0.0441406250 0.0284722222
0 0.4318359375 0.3684027778 0.0230468750 0.0090277778
0 0.3849609375 0.3704861111 0.0214843750 0.0090277778
0 0.4708984375 0.4076388889 0.0261718750 0.0222222222
0 0.5951171875 0.4069444444 0.0261718750 0.0208333333
0 0.4283203125 0.4111111111 0.0183593750 0.0111111111
0 0.4152343750 0.4482638889 0.0281250000 0.0173611111
0 0.7679687500 0.4645833333 0.1429687500 0.0472222222
0 0.3794921875 0.4524305556 0.0277343750 0.0187500000
0 0.5205078125 0.4555555556 0.0261718750 0.0194444444
0 0.7320312500 0.4517361111 0.0179687500 0.0131944444
0 0.6423828125 0.4618055556 0.0222656250 0.0138888889
0 0.5992187500 0.4666666667 0.0343750000 0.0194444444
0 0.4851562500 0.4805555556 0.1593750000 0.0388888889
0 0.2466796875 0.4770833333 0.0253906250 0.0152777778
0 0.6289062500 0.4836805556 0.0578125000 0.0201388889
