0 0.8599609375 0.2583333333 0.0097656250 0.0069444444
0 0.4222656250 0.3409722222 0.0117187500 0.0097222222
0 0.8169921875 0.3611111111 0.1410156250 0.0458333333
0 0.7462890625 0.3548611111 0.0253906250 0.0194444444
0 0.3636718750 0.3656250000 0.0226562500 0.0159722222
0 0.4466796875 0.3701388889 0.0269531250 0.0222222222
0 0.5623046875 0.3663194444 0.0433593750 0.0145833333
0 0.6953125000 0.3736111111 0.0351562500 0.0194444444
0 0.4890625000 0.3774305556 0.0398437500 0.0201388889
0 0.2308593750 0.3736111111 0.0101562500 0.0083333333
0 0.8671875000 0.4013888889 0.0226562500 0.0138888889
0 0.8558593750 0.4326388889 0.0203125000 0.0097222222
0 0.9058593750 0.4552083333 0.0281250000 0.0131944444
0 0.8400390625 0.4635416667 0.0144531250 0.0076388889
