0 0.9023437500 0.2968750000 0.0101562500 0.0062500000
0 0.4642578125 0.3069444444 0.0730468750 0.0138888889
0 0.6306640625 0.3027777778 0.0121093750 0.0069444444
0 0.5164062500 0.3045138889 0.0132812500 0.0076388889
0 0.6080078125 0.3031250000 0.0097656250 0.0048611111
0 0.3664062500 0.3128472222 0.0140625000 0.0076388889
0 0.2597656250 0.3156250000 0.0132812500 0.0062500000
0 0.8517578125 0.3475694444 0.0230468750 0.0131944444
0 0.7929687500 0.3857638889 0.0445312500 0.0229166667
0 0.3541015625 0.3795138889 0.0121093750 0.0062500000
0 0.8626953125 0.3847222222 0.0144531250 0.0111111111
0 0.8441406250 0.4038194444 0.0398437500 0.0298611111
0 0.7644531250 0.3961805556 0.0195312500 0.0118055556
0 0.3347656250 0.4017361111 0.0203125000 0.0159722222
0 0.4214843750 0.3989583333 0.0132812500 0.0104166667
0 0.3851562500 0.4062500000 0.0140625000 0.0125000000
0 0.2441406250 0.4062500000 0.0117187500 0.0083333333
0 0.4947265625 0.4159722222 0.0246093750 0.0194444444
0 0.7107421875 0.4197916667 0.0691406250 0.0187500000
0 0.6025390625 0.4250000000 0.0472656250 0.0166666667
0 0.5462890625 0.4225694444 0.0144531250 0.0090277778
0 0.6423828125 0.4253472222 0.0128906250 0.0076388889
0 0.8939453125 0.4659722222 0.0121093750 0.0083333333
0 0.8556640625 0.4718750000 0.0253906250 0.0118055556
0 0.8300781250 0.4899305556 0.0101562500 0.0090277778
