0 0.5833984375 0.2083333333 0.4191406250 0.0305555556
0 0.8349609375 0.1975694444 0.0136718750 0.0076388889
0 0.2324218750 0.2104166667 0.0585937500 0.0263888889
0 0.3160156250 0.2125000000 0.0968750000 0.0305555556
0 0.1724609375 0.2020833333 0.0082031250 0.0069444444
0 0.8341796875 0.3815972222 0.0308593750 0.0159722222
0 0.6681640625 0.3861111111 0.0394531250 0.0208333333
0 0.4976562500 0.3944444444 0.0335937500 0.0111111111
0 0.5339843750 0.3972222222 0.0226562500 0.0111111111
0 0.4597656250 0.3982638889 0.0195312500 0.0118055556
0 0.3812500000 0.3993055556 0.0125000000 0.0097222222
0 0.2554687500 0.4079861111 0.0546875000 0.0256944444
0 0.4210937500 0.3996527778 0.0109375000 0.0062500000
0 0.4933593750 0.4343750000 0.0585937500 0.0340277778
0 0.8244140625 0.4343750000 0.0972656250 0.0312500000
0 0.4433593750 0.4392361111 0.0390625000 0.0326388889
0 0.6568359375 0.4430555556 0.0253906250 0.0180555556
0 0.5408203125 0.4548611111 0.0324218750 0.0166666667
0 0.7482421875 0.4604166667 0.0207031250 0.0166666667
0 0.5642578125 0.4802083333 0.0589843750 0.0298611111
0 0.8587890625 0.4833333333 0.0519531250 0.0333333333
0 0.4726562500 0.4843750000 0.0710937500 0.0312500000
0 0.6503906250 0.4805555556 0.0257812500 0.0208333333
0 0.3507812500 0.4822916667 0.0312500000 0.0215277778
0 0.7085937500 0.4847222222 0.0671875000 0.0263888889
0 0.2289062500 0.4822916667 0.0132812500 0.0104166667
0 0.6076171875 0.4947916667 0.0277343750 0.0104166667
0 0.5181640625 0.4972222222 0.0097656250 0.0055555556
0 0.6375000000 0.4968750000 0.0093750000 0.0062500000
0 0.7820312500 0.4972222222 0.0179687500 0.0055555556
