0 0.8472656250 0.3184027778 0.0218750000 0.0159722222
0 0.5048828125 0.3267361111 0.0253906250 0.0062500000
0 0.4435546875 0.3295138889 0.0488281250 0.0104166667
0 0.3837890625 0.3322916667 0.0207031250 0.0090277778
0 0.2412109375 0.3447916667 0.0097656250 0.0048611111
0 0.2257812500 0.3493055556 0.0234375000 0.0083333333
0 0.2921875000 0.3704861111 0.0093750000 0.0076388889
0 0.8648437500 0.3972222222 0.0171875000 0.0152777778
0 0.8037109375 0.3982638889 0.0097656250 0.0062500000
0 0.4142578125 0.4104166667 0.0277343750 0.0166666667
0 0.7798828125 0.4267361111 0.1214843750 0.0479166667
0 0.3783203125 0.4128472222 0.0285156250 0.0173611111
0 0.8597656250 0.4194444444 0.0390625000 0.0319444444
0 0.3373046875 0.4166666667 0.0253906250 0.0222222222
0 0.7316406250 0.4128472222 0.0164062500 0.0131944444
0 0.5197265625 0.4208333333 0.0253906250 0.0125000000
0 0.4558593750 0.4503472222 0.1085937500 0.0534722222
0 0.5996093750 0.4302083333 0.0273437500 0.0145833333
0 0.6443359375 0.4270833333 0.0167968750 0.0069444444
0 0.2402343750 0.4399305556 0.0359375000 0.0201388889
0 0.6460937500 0.4451388889 0.0906250000 0.0305555556
0 0.5443359375 0.4423611111 0.0488281250 0.0222222222
0 0.6277343750 0.4642361111 0.0195312500 0.0145833333
0 0.8537109375 0.4718750000 0.0183593750 0.0104166667
0 0.2625000000 0.4822916667 0.0140625000 0.0090277778
0 0.4652343750 0.4913194444 0.0085937500 0.0076388889
0 0.8748046875 0.4920138889 0.0089843750 0.0076388889
