0 0.8583984375 0.2791666667 0.0292968750 0.0138888889
0 0.4480468750 0.2996527778 0.1742187500 0.0284722222
0 0.8748046875 0.3503472222 0.0214843750 0.0076388889
0 0.2460937500 0.3725694444 0.0101562500 0.0062500000
0 0.6332031250 0.3826388889 0.0289062500 0.0111111111
0 0.6986328125 0.3902777778 0.0277343750 0.0208333333
0 0.8611328125 0.4135416667 0.0371093750 0.0229166667
0 0.2763671875 0.4243055556 0.0121093750 0.0083333333
0 0.8388671875 0.4298611111 0.0183593750 0.0083333333
0 0.2185546875 0.4336805556 0.0152343750 0.0118055556
0 0.8455078125 0.4552083333 0.0300781250 0.0243055556
0 0.7226562500 0.4583333333 0.0140625000 0.0069444444
0 0.3144531250 0.4607638889 0.0093750000 0.0076388889
0 0.2099609375 0.4690972222 0.0128906250 0.0076388889
0 0.8931640625 0.4822916667 0.0535156250 0.0354166667
0 0.6583984375 0.4743055556 0.0199218750 0.0138888889
0 0.8326171875 0.4791666667 0.0332031250 0.0236111111
0 0.7947265625 0.4781250000 0.0128906250 0.0062500000
0 0.8166015625 0.4888888889 0.0144531250 0.0055555556
