0 0.2265625000 0.1232638889 0.0257812500 0.0062500000
0 0.3550781250 0.1229166667 0.0195312500 0.0055555556
0 0.8878906250 0.2760416667 0.0640625000 0.0256944444
0 0.3087890625 0.2795138889 0.0957031250 0.0256944444
0 0.5945312500 0.3145833333 0.0132812500 0.0097222222
0 0.7830078125 0.3298611111 0.0152343750 0.0097222222
0 0.7275390625 0.3645833333 0.0941406250 0.0388888889
0 0.4898437500 0.3552083333 0.0093750000 0.0076388889
0 0.9083984375 0.3583333333 0.0230468750 0.0111111111
0 0.6427734375 0.3628472222 0.0097656250 0.0076388889
0 0.4406250000 0.3753472222 0.0382812500 0.0159722222
0 0.9033203125 0.3819444444 0.0332031250 0.0263888889
0 0.7804687500 0.3750000000 0.0109375000 0.0083333333
0 0.8648437500 0.3822916667 0.0187500000 0.0145833333
0 0.5275390625 0.3854166667 0.0152343750 0.0097222222
