0 0.9068359375 0.1555555556 0.0261718750 0.0180555556
0 0.8609375000 0.1555555556 0.0257812500 0.0097222222
0 0.7707031250 0.1572916667 0.0156250000 0.0090277778
0 0.7988281250 0.1590277778 0.0093750000 0.0069444444
0 0.2281250000 0.1666666667 0.0242187500 0.0111111111
0 0.4763671875 0.1642361111 0.0113281250 0.0048611111
0 0.8601562500 0.3524305556 0.0359375000 0.0118055556
0 0.6199218750 0.3548611111 0.0140625000 0.0069444444
0 0.4892578125 0.3597222222 0.0222656250 0.0111111111
0 0.4292968750 0.3607638889 0.0328125000 0.0076388889
0 0.5835937500 0.3604166667 0.0148437500 0.0083333333
0 0.2384765625 0.3725694444 0.0246093750 0.0173611111
0 0.8812500000 0.4079861111 0.0125000000 0.0104166667
0 0.7767578125 0.4559027778 0.0894531250 0.0465277778
0 0.8679687500 0.4381944444 0.0117187500 0.0097222222
0 0.4623046875 0.4434027778 0.0128906250 0.0076388889
0 0.5138671875 0.4513888889 0.0457031250 0.0236111111
0 0.8369140625 0.4572916667 0.0394531250 0.0284722222
0 0.6191406250 0.4541666667 0.0195312500 0.0138888889
0 0.4119140625 0.4628472222 0.0777343750 0.0298611111
0 0.5554687500 0.4583333333 0.0539062500 0.0208333333
0 0.4164062500 0.4520833333 0.0078125000 0.0055555556
0 0.7101562500 0.4677083333 0.0648437500 0.0368055556
0 0.4751953125 0.4611111111 0.0097656250 0.0069444444
0 0.7962890625 0.4680555556 0.0183593750 0.0152777778
0 0.4880859375 0.4756944444 0.0714843750 0.0208333333
0 0.6515625000 0.4763888889 0.0304687500 0.0236111111
0 0.6160156250 0.4819444444 0.0148437500 0.0069444444
0 0.2601562500 0.4982638889 0.0093750000 0.0034722222
