0 0.9041015625 0.1538194444 0.0316406250 0.0229166667
0 0.8480468750 0.1562500000 0.0289062500 0.0138888889
0 0.7445312500 0.1597222222 0.1578125000 0.0166666667
0 0.6216796875 0.1607638889 0.0652343750 0.0118055556
0 0.2875000000 0.1659722222 0.0734375000 0.0152777778
0 0.4521484375 0.1659722222 0.0566406250 0.0152777778
0 0.5250000000 0.1670138889 0.0601562500 0.0187500000
0 0.3542968750 0.1687500000 0.0304687500 0.0125000000
0 0.4121093750 0.1652777778 0.0062500000 0.0055555556
0 0.8449218750 0.3475694444 0.0195312500 0.0131944444
0 0.2322265625 0.3725694444 0.0527343750 0.0256944444
0 0.7441406250 0.4163194444 0.0070312500 0.0062500000
0 0.3187500000 0.4274305556 0.0125000000 0.0062500000
0 0.6472656250 0.4354166667 0.0148437500 0.0097222222
0 0.8007812500 0.4545138889 0.1656250000 0.0465277778
0 0.5187500000 0.4454861111 0.0257812500 0.0173611111
0 0.3726562500 0.4440972222 0.0125000000 0.0104166667
0 0.6068359375 0.4569444444 0.0371093750 0.0097222222
0 0.5537109375 0.4621527778 0.0222656250 0.0104166667
0 0.4398437500 0.4736111111 0.1468750000 0.0319444444
0 0.6783203125 0.4666666667 0.0230468750 0.0138888889
0 0.5824218750 0.4638888889 0.0125000000 0.0055555556
0 0.6425781250 0.4729166667 0.0375000000 0.0236111111
0 0.6523437500 0.4666666667 0.0070312500 0.0055555556
0 0.5513671875 0.4753472222 0.0542968750 0.0159722222
0 0.6089843750 0.4725694444 0.0320312500 0.0104166667
0 0.6949218750 0.4812500000 0.0242187500 0.0138888889
