0 0.8552734375 0.3083333333 0.0441406250 0.0152777778
0 0.8166015625 0.3083333333 0.0144531250 0.0083333333
0 0.7302734375 0.3142361111 0.0449218750 0.0145833333
0 0.5712890625 0.3194444444 0.0308593750 0.0222222222
0 0.4867187500 0.3173611111 0.0796875000 0.0152777778
0 0.4160156250 0.3194444444 0.0414062500 0.0138888889
0 0.2548828125 0.3340277778 0.0746093750 0.0347222222
0 0.4527343750 0.3538194444 0.0250000000 0.0173611111
0 0.6615234375 0.3586805556 0.0121093750 0.0076388889
0 0.4724609375 0.3670138889 0.0152343750 0.0131944444
0 0.5511718750 0.3684027778 0.0132812500 0.0048611111
0 0.8263671875 0.4072916667 0.0527343750 0.0465277778
0 0.4552734375 0.3899305556 0.0089843750 0.0048611111
0 0.6062500000 0.3909722222 0.0125000000 0.0069444444
0 0.7248046875 0.3902777778 0.0121093750 0.0069444444
0 0.5662109375 0.3965277778 0.0222656250 0.0111111111
0 0.3718750000 0.3965277778 0.0156250000 0.0083333333
0 0.4261718750 0.4076388889 0.0750000000 0.0305555556
0 0.5039062500 0.4083333333 0.0421875000 0.0236111111
0 0.4794921875 0.4017361111 0.0113281250 0.0076388889
0 0.8744140625 0.4097222222 0.0292968750 0.0208333333
0 0.6384765625 0.4131944444 0.0230468750 0.0083333333
0 0.5925781250 0.4197916667 0.0132812500 0.0090277778
0 0.8416015625 0.4184027778 0.0074218750 0.0062500000
0 0.7345703125 0.4256944444 0.0300781250 0.0166666667
0 0.2230468750 0.4243055556 0.0109375000 0.0069444444
0 0.4384765625 0.4343750000 0.0136718750 0.0090277778
0 0.7980468750 0.4350694444 0.0257812500 0.0076388889
0 0.6453125000 0.4385416667 0.0125000000 0.0104166667
0 0.6195312500 0.4437500000 0.0296875000 0.0138888889
0 0.5140625000 0.4468750000 0.0679687500 0.0173611111
0 0.4216796875 0.4427083333 0.0082031250 0.0062500000
0 0.5740234375 0.4548611111 0.0167968750 0.0097222222
0 0.8841796875 0.4819444444 0.0355468750 0.0208333333
