0 0.2160156250 0.1222222222 0.0117187500 0.0041666667
0 0.8476562500 0.2586805556 0.0210937500 0.0159722222
0 0.2480468750 0.2750000000 0.0117187500 0.0097222222
0 0.8314453125 0.3392361111 0.1769531250 0.1298611111
0 0.2226562500 0.2881944444 0.0382812500 0.0138888889
0 0.3888671875 0.3315972222 0.0191406250 0.0131944444
0 0.4142578125 0.3524305556 0.0332031250 0.0159722222
0 0.3652343750 0.3555555556 0.0179687500 0.0138888889
0 0.5164062500 0.3597222222 0.0226562500 0.0097222222
0 0.6351562500 0.3631944444 0.0117187500 0.0097222222
0 0.6078125000 0.3663194444 0.0164062500 0.0090277778
0 0.4728515625 0.3861111111 0.0769531250 0.0277777778
0 0.5353515625 0.3805555556 0.0222656250 0.0152777778
0 0.6625000000 0.3836805556 0.0171875000 0.0131944444
0 0.5542968750 0.3854166667 0.0085937500 0.0069444444
0 0.8500000000 0.4090277778 0.0101562500 0.0055555556
0 0.2595703125 0.4225694444 0.0097656250 0.0076388889
0 0.8111328125 0.4312500000 0.0089843750 0.0069444444
0 0.8785156250 0.4329861111 0.0148437500 0.0090277778
0 0.5111328125 0.4690972222 0.0097656250 0.0076388889
