0 0.8697265625 0.3194444444 0.0683593750 0.0236111111
0 0.2757812500 0.3298611111 0.0765625000 0.0250000000
0 0.6339843750 0.3270833333 0.0132812500 0.0083333333
0 0.3941406250 0.3430555556 0.0593750000 0.0152777778
0 0.7906250000 0.3465277778 0.0218750000 0.0180555556
0 0.7255859375 0.3607638889 0.0519531250 0.0423611111
0 0.8003906250 0.3628472222 0.0359375000 0.0298611111
0 0.5837890625 0.3850694444 0.0230468750 0.0104166667
0 0.6572265625 0.3940972222 0.0417968750 0.0284722222
0 0.7662109375 0.4128472222 0.1097656250 0.0381944444
0 0.8560546875 0.4010416667 0.0089843750 0.0062500000
0 0.6816406250 0.4138888889 0.0476562500 0.0236111111
0 0.6257812500 0.4184027778 0.0179687500 0.0104166667
0 0.4984375000 0.4243055556 0.0570312500 0.0194444444
0 0.5689453125 0.4607638889 0.0277343750 0.0215277778
0 0.6597656250 0.4531250000 0.0140625000 0.0076388889
0 0.8144531250 0.4656250000 0.0117187500 0.0076388889
0 0.8826171875 0.4809027778 0.0316406250 0.0173611111
0 0.7890625000 0.4795138889 0.0148437500 0.0076388889
0 0.8578125000 0.4947916667 0.0343750000 0.0104166667
0 0.8988281250 0.4975694444 0.0195312500 0.0048611111
