0 0.2351562500 0.2368055556 0.0328125000 0.0180555556
0 0.8638671875 0.3034722222 0.0980468750 0.0194444444
0 0.4490234375 0.3177083333 0.0097656250 0.0076388889
0 0.6927734375 0.3562500000 0.2285156250 0.0847222222
0 0.1568359375 0.3354166667 0.0128906250 0.0083333333
0 0.3388671875 0.3638888889 0.1707031250 0.0527777778
0 0.2189453125 0.3697916667 0.0074218750 0.0048611111
0 0.4408203125 0.3795138889 0.0121093750 0.0076388889
0 0.5505859375 0.3875000000 0.0167968750 0.0138888889
0 0.8460937500 0.4020833333 0.0710937500 0.0430555556
0 0.4662109375 0.3847222222 0.0074218750 0.0055555556
0 0.2369140625 0.3909722222 0.0355468750 0.0138888889
0 0.3962890625 0.3902777778 0.0089843750 0.0055555556
0 0.5562500000 0.4145833333 0.1351562500 0.0555555556
0 0.4488281250 0.4041666667 0.0789062500 0.0319444444
0 0.7345703125 0.4156250000 0.1425781250 0.0465277778
0 0.2515625000 0.3989583333 0.0171875000 0.0104166667
0 0.9005859375 0.4048611111 0.0121093750 0.0069444444
0 0.2386718750 0.4187500000 0.0234375000 0.0138888889
0 0.5052734375 0.4152777778 0.0066406250 0.0055555556
0 0.4429687500 0.4201388889 0.0523437500 0.0111111111
0 0.6289062500 0.4236111111 0.0679687500 0.0152777778
0 0.5154296875 0.4305555556 0.0542968750 0.0125000000
0 0.2449218750 0.4388888889 0.0140625000 0.0069444444
0 0.1529296875 0.4465277778 0.0121093750 0.0097222222
0 0.3162109375 0.4611111111 0.0363281250 0.0166666667
0 0.2662109375 0.4625000000 0.0105468750 0.0069444444
0 0.4298828125 0.4670138889 0.0324218750 0.0118055556
0 0.5328125000 0.4652777778 0.0171875000 0.0083333333
0 0.8154296875 0.4694444444 0.0144531250 0.0097222222
0 0.7734375000 0.4711805556 0.0179687500 0.0076388889
0 0.8513671875 0.4781250000 0.0410156250 0.0201388889
0 0.7083984375 0.4756944444 0.0285156250 0.0083333333
0 0.5513671875 0.4798611111 0.1011718750 0.0125000000
0 0.6431640625 0.4798611111 0.0324218750 0.0138888889
0 0.3246093750 0.4802083333 0.0132812500 0.0104166667
0 0.8958984375 0.4875000000 0.0480468750 0.0250000000
0 0.4798828125 0.4805555556 0.0128906250 0.0069444444
0 0.2888671875 0.4815972222 0.0121093750 0.0062500000
