0 0.8441406250 0.2881944444 0.0164062500 0.0069444444
0 0.4841796875 0.2920138889 0.0730468750 0.0118055556
0 0.5802734375 0.2902777778 0.0128906250 0.0055555556
0 0.4193359375 0.2934027778 0.0378906250 0.0104166667
0 0.3773437500 0.2965277778 0.0156250000 0.0097222222
0 0.1923828125 0.3048611111 0.0253906250 0.0152777778
0 0.3753906250 0.3416666667 0.0226562500 0.0194444444
0 0.3777343750 0.3600694444 0.0070312500 0.0062500000
0 0.9000000000 0.3777777778 0.0398437500 0.0291666667
0 0.5005859375 0.3802083333 0.0425781250 0.0270833333
0 0.7365234375 0.3736111111 0.0269531250 0.0125000000
0 0.7888671875 0.3784722222 0.0214843750 0.0166666667
0 0.3791015625 0.3881944444 0.0402343750 0.0263888889
0 0.8738281250 0.3795138889 0.0125000000 0.0090277778
0 0.5439453125 0.3902777778 0.0542968750 0.0194444444
0 0.6076171875 0.3871527778 0.0183593750 0.0145833333
0 0.6951171875 0.3868055556 0.0183593750 0.0111111111
0 0.8646484375 0.3906250000 0.0121093750 0.0104166667
0 0.2449218750 0.3920138889 0.0109375000 0.0062500000
0 0.6423828125 0.4013888889 0.0339843750 0.0222222222
0 0.7845703125 0.3989583333 0.0144531250 0.0118055556
0 0.7500000000 0.3996527778 0.0093750000 0.0062500000
0 0.4609375000 0.4114583333 0.0539062500 0.0118055556
0 0.6064453125 0.4118055556 0.0167968750 0.0125000000
0 0.5273437500 0.4138888889 0.0210937500 0.0083333333
0 0.5505859375 0.4166666667 0.0207031250 0.0152777778
0 0.6402343750 0.4288194444 0.0164062500 0.0104166667
0 0.7640625000 0.4743055556 0.0109375000 0.0083333333
