0 0.8216796875 0.2711805556 0.0175781250 0.0131944444
0 0.8783203125 0.2833333333 0.0832031250 0.0291666667
0 0.2560546875 0.2979166667 0.0113281250 0.0055555556
0 0.2359375000 0.3135416667 0.0304687500 0.0159722222
0 0.8208984375 0.3763888889 0.1128906250 0.0472222222
0 0.3546875000 0.3795138889 0.0320312500 0.0159722222
0 0.4605468750 0.3850694444 0.0367187500 0.0173611111
0 0.5230468750 0.3815972222 0.0210937500 0.0104166667
0 0.7033203125 0.3843750000 0.0144531250 0.0090277778
0 0.4859375000 0.3965277778 0.0273437500 0.0166666667
0 0.5666015625 0.3954861111 0.0144531250 0.0118055556
0 0.2384765625 0.3989583333 0.0269531250 0.0145833333
0 0.5414062500 0.3986111111 0.0187500000 0.0125000000
0 0.6517578125 0.4083333333 0.0136718750 0.0097222222
0 0.8597656250 0.4309027778 0.0210937500 0.0145833333
0 0.2671875000 0.4434027778 0.0132812500 0.0090277778
0 0.2414062500 0.4451388889 0.0140625000 0.0083333333
0 0.8109375000 0.4562500000 0.0250000000 0.0180555556
0 0.8378906250 0.4621527778 0.0250000000 0.0215277778
0 0.8583984375 0.4704861111 0.0113281250 0.0076388889
0 0.5816406250 0.4812500000 0.0125000000 0.0055555556
