0 0.2841796875 0.2270833333 0.0121093750 0.0055555556
0 0.2355468750 0.2434027778 0.0101562500 0.0062500000
0 0.8619140625 0.2635416667 0.0425781250 0.0145833333
0 0.8873046875 0.2701388889 0.0105468750 0.0055555556
0 0.4000000000 0.2854166667 0.0312500000 0.0152777778
0 0.3601562500 0.2934027778 0.0226562500 0.0187500000
0 0.5603515625 0.3284722222 0.0105468750 0.0083333333
0 0.7375000000 0.3545138889 0.0320312500 0.0229166667
0 0.5457031250 0.3631944444 0.0515625000 0.0180555556
0 0.4974609375 0.3611111111 0.0066406250 0.0055555556
0 0.6205078125 0.3701388889 0.0207031250 0.0180555556
0 0.8947265625 0.4201388889 0.0113281250 0.0069444444
0 0.1898437500 0.4375000000 0.0125000000 0.0055555556
0 0.9119140625 0.4576388889 0.0160156250 0.0069444444
0 0.7955078125 0.4722222222 0.0113281250 0.0069444444
0 0.8638671875 0.4861111111 0.0207031250 0.0083333333
0 0.8732421875 0.4958333333 0.0136718750 0.0083333333
