0 0.2345703125 0.1229166667 0.0121093750 0.0055555556
0 0.2896484375 0.2298611111 0.0128906250 0.0069444444
0 0.8541015625 0.2579861111 0.0988281250 0.0187500000
0 0.4876953125 0.2684027778 0.0199218750 0.0104166667
0 0.4333984375 0.2680555556 0.0246093750 0.0069444444
0 0.2400390625 0.2798611111 0.0355468750 0.0208333333
0 0.4832031250 0.3277777778 0.0140625000 0.0111111111
0 0.8210937500 0.3618055556 0.1140625000 0.0444444444
0 0.7498046875 0.3496527778 0.0238281250 0.0118055556
0 0.5279296875 0.3506944444 0.0144531250 0.0069444444
0 0.8789062500 0.3600694444 0.0273437500 0.0215277778
0 0.5009765625 0.3614583333 0.0207031250 0.0173611111
0 0.3871093750 0.3687500000 0.0312500000 0.0277777778
0 0.7123046875 0.3756944444 0.0574218750 0.0375000000
0 0.5380859375 0.3645833333 0.0167968750 0.0138888889
0 0.2425781250 0.3656250000 0.0203125000 0.0090277778
0 0.4355468750 0.3663194444 0.0117187500 0.0076388889
0 0.5638671875 0.3687500000 0.0191406250 0.0125000000
0 0.7687500000 0.3788194444 0.0218750000 0.0159722222
0 0.2339843750 0.3760416667 0.0085937500 0.0062500000
0 0.4484375000 0.3833333333 0.0750000000 0.0180555556
0 0.5082031250 0.3836805556 0.0257812500 0.0173611111
0 0.6576171875 0.3795138889 0.0152343750 0.0104166667
0 0.8666015625 0.4368055556 0.0285156250 0.0180555556
0 0.2210937500 0.4406250000 0.0078125000 0.0062500000
0 0.8343750000 0.4743055556 0.0085937500 0.0069444444
0 0.4765625000 0.4750000000 0.0156250000 0.0069444444
0 0.8904296875 0.4836805556 0.0089843750 0.0062500000
0 0.8697265625 0.4927083333 0.0207031250 0.0145833333
