0 0.6845703125 0.2065972222 0.1269531250 0.0298611111
0 0.2910156250 0.2118055556 0.1242187500 0.0375000000
0 0.4857421875 0.2083333333 0.2074218750 0.0291666667
0 0.4472656250 0.3937500000 0.0320312500 0.0208333333
0 0.5333984375 0.4065972222 0.0910156250 0.0437500000
0 0.4779296875 0.3930555556 0.0144531250 0.0125000000
0 0.3980468750 0.3968750000 0.0273437500 0.0173611111
0 0.6179687500 0.3930555556 0.0140625000 0.0097222222
0 0.3080078125 0.3923611111 0.0074218750 0.0055555556
0 0.2896484375 0.3947916667 0.0121093750 0.0062500000
0 0.2523437500 0.4038194444 0.0460937500 0.0187500000
0 0.4640625000 0.4138888889 0.0218750000 0.0125000000
0 0.6439453125 0.4152777778 0.0402343750 0.0152777778
0 0.4074218750 0.4298611111 0.0734375000 0.0361111111
0 0.8251953125 0.4364583333 0.0207031250 0.0173611111
0 0.7083984375 0.4638888889 0.0972656250 0.0569444444
0 0.5621093750 0.4541666667 0.0437500000 0.0250000000
0 0.8634765625 0.4697916667 0.0441406250 0.0354166667
0 0.4496093750 0.4569444444 0.0093750000 0.0069444444
0 0.6312500000 0.4739583333 0.0750000000 0.0409722222
0 0.8021484375 0.4725694444 0.0605468750 0.0340277778
0 0.4986328125 0.4736111111 0.0832031250 0.0277777778
0 0.4023437500 0.4809027778 0.0898437500 0.0381944444
0 0.5806640625 0.4809027778 0.0339843750 0.0187500000
0 0.4523437500 0.4913194444 0.0093750000 0.0062500000
0 0.8066406250 0.4951388889 0.0140625000 0.0097222222
0 0.4210937500 0.4961805556 0.0101562500 0.0076388889
