0 0.7021484375 0.3031250000 0.0191406250 0.0159722222
0 0.5574218750 0.3020833333 0.0148437500 0.0097222222
0 0.6175781250 0.3017361111 0.0140625000 0.0062500000
0 0.5916015625 0.3031250000 0.0113281250 0.0076388889
0 0.8605468750 0.3069444444 0.0187500000 0.0138888889
0 0.3427734375 0.3038194444 0.0097656250 0.0062500000
0 0.6564453125 0.3052083333 0.0214843750 0.0090277778
0 0.3042968750 0.3107638889 0.0476562500 0.0173611111
0 0.4339843750 0.3107638889 0.0632812500 0.0118055556
0 0.4906250000 0.3086805556 0.0117187500 0.0076388889
0 0.3794921875 0.3145833333 0.0167968750 0.0083333333
0 0.3496093750 0.3173611111 0.0179687500 0.0097222222
0 0.2562500000 0.3222222222 0.0351562500 0.0111111111
0 0.5845703125 0.3510416667 0.0855468750 0.0409722222
0 0.7845703125 0.3392361111 0.0222656250 0.0159722222
0 0.8746093750 0.3541666667 0.0531250000 0.0444444444
0 0.6759765625 0.3402777778 0.0175781250 0.0138888889
0 0.3748046875 0.3461805556 0.0527343750 0.0229166667
0 0.4703125000 0.3486111111 0.1070312500 0.0236111111
0 0.7109375000 0.3440972222 0.0179687500 0.0145833333
0 0.7419921875 0.3479166667 0.0332031250 0.0222222222
0 0.8326171875 0.3472222222 0.0230468750 0.0194444444
0 0.8074218750 0.3437500000 0.0132812500 0.0083333333
0 0.8066406250 0.3548611111 0.0179687500 0.0125000000
0 0.7654296875 0.3822916667 0.0542968750 0.0298611111
0 0.6462890625 0.3937500000 0.0988281250 0.0375000000
0 0.4523437500 0.4031250000 0.1468750000 0.0534722222
0 0.4300781250 0.3861111111 0.0218750000 0.0111111111
0 0.8646484375 0.4003472222 0.0777343750 0.0395833333
0 0.5443359375 0.3902777778 0.0175781250 0.0097222222
0 0.3562500000 0.4017361111 0.0468750000 0.0298611111
0 0.2015625000 0.3951388889 0.0164062500 0.0111111111
0 0.3988281250 0.3940972222 0.0132812500 0.0090277778
0 0.5566406250 0.4069444444 0.0585937500 0.0263888889
0 0.7210937500 0.4006944444 0.0156250000 0.0138888889
0 0.7751953125 0.3993055556 0.0238281250 0.0097222222
0 0.3910156250 0.4072916667 0.0101562500 0.0090277778
0 0.7023437500 0.4239583333 0.0500000000 0.0298611111
0 0.7781250000 0.4190972222 0.0750000000 0.0201388889
0 0.4943359375 0.4250000000 0.0347656250 0.0138888889
0 0.5853515625 0.4229166667 0.0167968750 0.0111111111
0 0.8507812500 0.4920138889 0.0101562500 0.0090277778
0 0.9144531250 0.4923611111 0.0109375000 0.0069444444
