0 0.8457031250 0.3107638889 0.0468750000 0.0187500000
0 0.3806640625 0.3288194444 0.0355468750 0.0118055556
0 0.4515625000 0.3288194444 0.0195312500 0.0048611111
0 0.4251953125 0.3309027778 0.0128906250 0.0048611111
0 0.7644531250 0.3673611111 0.0328125000 0.0222222222
0 0.4496093750 0.3805555556 0.0351562500 0.0125000000
0 0.8050781250 0.4156250000 0.1664062500 0.0465277778
0 0.6880859375 0.4260416667 0.0488281250 0.0423611111
0 0.3402343750 0.4208333333 0.0273437500 0.0208333333
0 0.5630859375 0.4201388889 0.0597656250 0.0180555556
0 0.4474609375 0.4250000000 0.0347656250 0.0236111111
0 0.6587890625 0.4187500000 0.0144531250 0.0111111111
0 0.6181640625 0.4239583333 0.0253906250 0.0159722222
0 0.4916015625 0.4333333333 0.0566406250 0.0236111111
0 0.7337890625 0.4277777778 0.0246093750 0.0125000000
0 0.2287109375 0.4291666667 0.0113281250 0.0097222222
0 0.3128906250 0.4562500000 0.0132812500 0.0097222222
0 0.8562500000 0.4604166667 0.0273437500 0.0097222222
0 0.2750000000 0.4635416667 0.0125000000 0.0090277778
0 0.5757812500 0.4795138889 0.0203125000 0.0104166667
0 0.8441406250 0.4878472222 0.0117187500 0.0076388889
0 0.9167968750 0.4975694444 0.0062500000 0.0048611111
