0 0.8019531250 0.3142361111 0.0195312500 0.0145833333
0 0.8216796875 0.3149305556 0.0097656250 0.0048611111
0 0.2902343750 0.3232638889 0.0257812500 0.0118055556
0 0.4705078125 0.3270833333 0.0175781250 0.0069444444
0 0.5097656250 0.3267361111 0.0179687500 0.0062500000
0 0.5447265625 0.3267361111 0.0113281250 0.0076388889
0 0.4404296875 0.3295138889 0.0253906250 0.0090277778
0 0.2652343750 0.3340277778 0.0179687500 0.0125000000
0 0.3937500000 0.3319444444 0.0203125000 0.0083333333
0 0.3615234375 0.3385416667 0.0128906250 0.0104166667
0 0.4800781250 0.3684027778 0.0242187500 0.0201388889
0 0.4955078125 0.3815972222 0.0089843750 0.0062500000
0 0.4183593750 0.3954861111 0.0101562500 0.0090277778
0 0.6574218750 0.4062500000 0.0078125000 0.0069444444
0 0.8197265625 0.4513888889 0.2003906250 0.0972222222
0 0.4220703125 0.4097222222 0.0238281250 0.0125000000
0 0.3458984375 0.4180555556 0.0222656250 0.0194444444
0 0.3890625000 0.4152777778 0.0265625000 0.0138888889
0 0.5302734375 0.4184027778 0.0269531250 0.0159722222
0 0.5718750000 0.4430555556 0.0726562500 0.0472222222
0 0.6527343750 0.4267361111 0.0109375000 0.0062500000
0 0.2406250000 0.4420138889 0.0367187500 0.0270833333
0 0.5033203125 0.4437500000 0.0738281250 0.0291666667
0 0.4355468750 0.4631944444 0.1265625000 0.0611111111
0 0.6646484375 0.4541666667 0.1105468750 0.0388888889
0 0.8644531250 0.4722222222 0.0203125000 0.0125000000
0 0.3228515625 0.4756944444 0.0113281250 0.0097222222
0 0.2789062500 0.4822916667 0.0195312500 0.0090277778
0 0.2482421875 0.4836805556 0.0136718750 0.0090277778
0 0.8218750000 0.4906250000 0.0093750000 0.0076388889
