0 0.9056640625 0.1555555556 0.0285156250 0.0166666667
0 0.8199218750 0.1579861111 0.0140625000 0.0118055556
0 0.1275390625 0.1663194444 0.0261718750 0.0201388889
0 0.6417968750 0.1628472222 0.0296875000 0.0131944444
0 0.6806640625 0.1586805556 0.0074218750 0.0048611111
0 0.7392578125 0.1618055556 0.0167968750 0.0083333333
0 0.2300781250 0.1659722222 0.0289062500 0.0097222222
0 0.4195312500 0.1673611111 0.0312500000 0.0125000000
0 0.4857421875 0.1649305556 0.0207031250 0.0076388889
0 0.5238281250 0.1645833333 0.0203125000 0.0069444444
0 0.3236328125 0.1708333333 0.0269531250 0.0180555556
0 0.3546875000 0.1670138889 0.0132812500 0.0090277778
0 0.8794921875 0.3572916667 0.0667968750 0.0201388889
0 0.5144531250 0.3604166667 0.0078125000 0.0069444444
0 0.2783203125 0.3690972222 0.0863281250 0.0229166667
0 0.2496093750 0.3809027778 0.0109375000 0.0062500000
0 0.7605468750 0.4097222222 0.0179687500 0.0138888889
0 0.8900390625 0.4500000000 0.0191406250 0.0138888889
0 0.6406250000 0.4621527778 0.1226562500 0.0368055556
0 0.7447265625 0.4489583333 0.0160156250 0.0090277778
0 0.8753906250 0.4597222222 0.0085937500 0.0055555556
0 0.2250000000 0.4656250000 0.0109375000 0.0062500000
0 0.8576171875 0.4777777778 0.0152343750 0.0069444444
0 0.9041015625 0.4861111111 0.0316406250 0.0166666667
