0 0.5208984375 0.3416666667 0.0097656250 0.0041666667
0 0.8285156250 0.3572916667 0.0218750000 0.0159722222
0 0.8580078125 0.3569444444 0.0214843750 0.0138888889
0 0.4039062500 0.3732638889 0.0140625000 0.0104166667
0 0.8333984375 0.4159722222 0.0316406250 0.0263888889
0 0.4611328125 0.4250000000 0.0160156250 0.0125000000
0 0.4794921875 0.4361111111 0.0089843750 0.0069444444
0 0.3232421875 0.4434027778 0.0121093750 0.0076388889
0 0.7384765625 0.4472222222 0.0167968750 0.0125000000
0 0.7617187500 0.4496527778 0.0093750000 0.0076388889
0 0.8503906250 0.4638888889 0.1390625000 0.0375000000
0 0.4783203125 0.4527777778 0.0074218750 0.0055555556
0 0.6285156250 0.4635416667 0.0445312500 0.0215277778
0 0.3398437500 0.4649305556 0.0359375000 0.0201388889
0 0.5566406250 0.4659722222 0.0437500000 0.0222222222
0 0.4509765625 0.4694444444 0.0355468750 0.0250000000
0 0.2291015625 0.4694444444 0.0199218750 0.0166666667
0 0.6873046875 0.4729166667 0.0472656250 0.0236111111
0 0.4951171875 0.4718750000 0.0222656250 0.0173611111
0 0.4076171875 0.4774305556 0.0339843750 0.0243055556
0 0.7687500000 0.4763888889 0.0164062500 0.0138888889
0 0.6445312500 0.4843750000 0.0234375000 0.0104166667
0 0.5326171875 0.4847222222 0.0152343750 0.0069444444
