0 0.1580078125 0.1260416667 0.0167968750 0.0118055556
0 0.2042968750 0.1256944444 0.0210937500 0.0069444444
0 0.8757812500 0.1836805556 0.0882812500 0.0312500000
0 0.2498046875 0.2152777778 0.0496093750 0.0250000000
0 0.7986328125 0.2930555556 0.0535156250 0.0236111111
0 0.5515625000 0.2937500000 0.0203125000 0.0125000000
0 0.4462890625 0.2986111111 0.0167968750 0.0138888889
0 0.4843750000 0.3083333333 0.0109375000 0.0097222222
0 0.1662109375 0.3156250000 0.0097656250 0.0076388889
0 0.8683593750 0.3222222222 0.0218750000 0.0194444444
0 0.8449218750 0.3885416667 0.0218750000 0.0118055556
0 0.2867187500 0.4093750000 0.0203125000 0.0159722222
0 0.3007812500 0.4972222222 0.0140625000 0.0055555556
0 0.4832031250 0.4972222222 0.0132812500 0.0055555556
0 0.5234375000 0.4975694444 0.0375000000 0.0048611111
