0 0.8970703125 0.1538194444 0.0457031250 0.0215277778
0 0.6496093750 0.1597222222 0.4156250000 0.0250000000
0 0.4021484375 0.1659722222 0.0769531250 0.0180555556
0 0.2738281250 0.1673611111 0.1664062500 0.0194444444
0 0.8294921875 0.3434027778 0.0113281250 0.0048611111
0 0.4277343750 0.3628472222 0.0289062500 0.0159722222
0 0.2451171875 0.3843750000 0.0183593750 0.0145833333
0 0.4925781250 0.4232638889 0.0148437500 0.0090277778
0 0.7541015625 0.4256944444 0.0191406250 0.0138888889
0 0.8027343750 0.4361111111 0.0609375000 0.0319444444
0 0.8595703125 0.4357638889 0.0246093750 0.0201388889
0 0.5636718750 0.4503472222 0.0398437500 0.0173611111
0 0.4744140625 0.4593750000 0.0410156250 0.0298611111
0 0.8406250000 0.4520833333 0.0117187500 0.0097222222
0 0.5171875000 0.4652777778 0.0343750000 0.0222222222
0 0.2986328125 0.4572916667 0.0082031250 0.0048611111
0 0.8349609375 0.4802083333 0.0222656250 0.0145833333
