0 0.1132812500 0.1399305556 0.0101562500 0.0090277778
0 0.4917968750 0.2642361111 0.0851562500 0.0201388889
0 0.4199218750 0.2756944444 0.0171875000 0.0138888889
0 0.2281250000 0.3055555556 0.0140625000 0.0125000000
0 0.8755859375 0.3204861111 0.0207031250 0.0076388889
0 0.5279296875 0.3298611111 0.0285156250 0.0152777778
0 0.2449218750 0.3434027778 0.0109375000 0.0062500000
0 0.6335937500 0.3524305556 0.0281250000 0.0118055556
0 0.8890625000 0.3538194444 0.0132812500 0.0076388889
0 0.6976562500 0.3614583333 0.0296875000 0.0201388889
0 0.2009765625 0.3715277778 0.0089843750 0.0055555556
0 0.8527343750 0.3885416667 0.0437500000 0.0326388889
0 0.8904296875 0.4034722222 0.0308593750 0.0250000000
0 0.2171875000 0.4041666667 0.0148437500 0.0111111111
0 0.8470703125 0.4256944444 0.0308593750 0.0236111111
0 0.8306640625 0.4472222222 0.0261718750 0.0166666667
0 0.8804687500 0.4583333333 0.0304687500 0.0222222222
0 0.8031250000 0.4600694444 0.0437500000 0.0090277778
0 0.4646484375 0.4715277778 0.0238281250 0.0138888889
0 0.1410156250 0.4781250000 0.0148437500 0.0076388889
0 0.8578125000 0.4899305556 0.0195312500 0.0104166667
0 0.7437500000 0.4934027778 0.0187500000 0.0131944444
0 0.8115234375 0.4902777778 0.0089843750 0.0055555556
