0 0.3531250000 0.1236111111 0.0125000000 0.0069444444
0 0.3917968750 0.1225694444 0.0109375000 0.0048611111
0 0.8912109375 0.2000000000 0.0574218750 0.0208333333
0 0.3244140625 0.2006944444 0.0222656250 0.0138888889
0 0.2765625000 0.2138888889 0.0507812500 0.0236111111
0 0.4820312500 0.2163194444 0.1101562500 0.0243055556
0 0.2341796875 0.2135416667 0.0128906250 0.0090277778
0 0.3900390625 0.2218750000 0.0550781250 0.0173611111
0 0.2371093750 0.2631944444 0.0125000000 0.0111111111
0 0.8705078125 0.3187500000 0.0222656250 0.0152777778
0 0.7572265625 0.3812500000 0.0347656250 0.0166666667
0 0.8353515625 0.4288194444 0.0207031250 0.0145833333
0 0.8667968750 0.4555555556 0.0296875000 0.0250000000
0 0.8578125000 0.4923611111 0.0187500000 0.0152777778
0 0.4052734375 0.4975694444 0.0066406250 0.0048611111
