0 0.8785156250 0.1583333333 0.0148437500 0.0125000000
0 0.2701171875 0.2312500000 0.0207031250 0.0111111111
0 0.8300781250 0.2809027778 0.0171875000 0.0131944444
0 0.5373046875 0.2930555556 0.0230468750 0.0111111111
0 0.6226562500 0.2916666667 0.0171875000 0.0097222222
0 0.4375000000 0.2975694444 0.0687500000 0.0173611111
0 0.2691406250 0.2934027778 0.0148437500 0.0076388889
0 0.4890625000 0.2954861111 0.0187500000 0.0104166667
0 0.2363281250 0.3118055556 0.0078125000 0.0069444444
0 0.2416015625 0.3253472222 0.0160156250 0.0131944444
0 0.8671875000 0.3472222222 0.0203125000 0.0069444444
0 0.4966796875 0.3631944444 0.0261718750 0.0125000000
0 0.7232421875 0.3815972222 0.0777343750 0.0451388889
0 0.8337890625 0.3815972222 0.1175781250 0.0395833333
0 0.6351562500 0.3781250000 0.0085937500 0.0076388889
0 0.4001953125 0.3857638889 0.0199218750 0.0173611111
0 0.5669921875 0.3878472222 0.0542968750 0.0145833333
0 0.4845703125 0.3986111111 0.0378906250 0.0319444444
0 0.4451171875 0.3993055556 0.0152343750 0.0125000000
0 0.5142578125 0.4055555556 0.0394531250 0.0222222222
0 0.6378906250 0.4090277778 0.0062500000 0.0055555556
0 0.7789062500 0.4256944444 0.0195312500 0.0152777778
0 0.8929687500 0.4291666667 0.0062500000 0.0055555556
0 0.8123046875 0.4500000000 0.0082031250 0.0069444444
0 0.3017578125 0.4677083333 0.0089843750 0.0048611111
0 0.8671875000 0.4715277778 0.0125000000 0.0111111111
0 0.8244140625 0.4784722222 0.0128906250 0.0097222222
