0 0.2421875000 0.1288194444 0.0218750000 0.0173611111
0 0.8291015625 0.3152777778 0.0558593750 0.0152777778
0 0.3921875000 0.3163194444 0.0093750000 0.0062500000
0 0.8882812500 0.3225694444 0.0445312500 0.0159722222
0 0.2728515625 0.3354166667 0.1136718750 0.0319444444
0 0.4490234375 0.3263888889 0.0285156250 0.0111111111
0 0.4978515625 0.3229166667 0.0121093750 0.0055555556
0 0.3710937500 0.3322916667 0.0093750000 0.0048611111
0 0.5212890625 0.3517361111 0.0347656250 0.0131944444
0 0.6718750000 0.3552083333 0.0226562500 0.0145833333
0 0.4156250000 0.3590277778 0.0421875000 0.0152777778
0 0.7093750000 0.3586805556 0.0281250000 0.0145833333
0 0.8425781250 0.3604166667 0.0156250000 0.0125000000
0 0.8798828125 0.3739583333 0.0378906250 0.0312500000
0 0.4863281250 0.3690972222 0.0257812500 0.0173611111
0 0.3802734375 0.3746527778 0.0214843750 0.0131944444
0 0.5957031250 0.3736111111 0.0125000000 0.0083333333
0 0.8755859375 0.3878472222 0.0246093750 0.0201388889
0 0.4285156250 0.4000000000 0.0460937500 0.0347222222
0 0.2972656250 0.3927083333 0.0156250000 0.0104166667
0 0.5085937500 0.4017361111 0.0390625000 0.0173611111
0 0.5529296875 0.4027777778 0.0324218750 0.0166666667
0 0.6814453125 0.4149305556 0.0777343750 0.0423611111
0 0.6199218750 0.4062500000 0.0148437500 0.0125000000
0 0.7476562500 0.4055555556 0.0070312500 0.0055555556
0 0.3576171875 0.4180555556 0.0355468750 0.0222222222
0 0.6587890625 0.4118055556 0.0160156250 0.0097222222
0 0.7828125000 0.4263888889 0.0320312500 0.0277777778
0 0.4818359375 0.4229166667 0.0285156250 0.0180555556
0 0.5332031250 0.4215277778 0.0250000000 0.0152777778
0 0.7466796875 0.4159722222 0.0097656250 0.0041666667
0 0.4312500000 0.4215277778 0.0164062500 0.0083333333
0 0.6283203125 0.4204861111 0.0074218750 0.0062500000
0 0.5900390625 0.4524305556 0.0503906250 0.0298611111
0 0.4896484375 0.4482638889 0.0285156250 0.0145833333
0 0.8656250000 0.4565972222 0.0132812500 0.0118055556
0 0.4714843750 0.4659722222 0.0125000000 0.0055555556
0 0.5595703125 0.4892361111 0.0089843750 0.0062500000
