0 0.8351562500 0.3097222222 0.0687500000 0.0194444444
0 0.7787109375 0.3093750000 0.0269531250 0.0104166667
0 0.2982421875 0.3218750000 0.0253906250 0.0159722222
0 0.2511718750 0.3375000000 0.0507812500 0.0361111111
0 0.3859375000 0.3277777778 0.0460937500 0.0125000000
0 0.4955078125 0.3263888889 0.0160156250 0.0069444444
0 0.4220703125 0.3281250000 0.0097656250 0.0062500000
0 0.4203125000 0.3753472222 0.0359375000 0.0215277778
0 0.8486328125 0.4114583333 0.0761718750 0.0520833333
0 0.3347656250 0.4163194444 0.0421875000 0.0298611111
0 0.7892578125 0.4222222222 0.0316406250 0.0277777778
0 0.4679687500 0.4253472222 0.0656250000 0.0270833333
0 0.5552734375 0.4222222222 0.0386718750 0.0194444444
0 0.6142578125 0.4225694444 0.0207031250 0.0173611111
0 0.6462890625 0.4201388889 0.0230468750 0.0111111111
0 0.6919921875 0.4253472222 0.0199218750 0.0159722222
0 0.4013671875 0.4322916667 0.0566406250 0.0243055556
0 0.7435546875 0.4250000000 0.0191406250 0.0069444444
0 0.7664062500 0.4305555556 0.0156250000 0.0138888889
0 0.5236328125 0.4395833333 0.0121093750 0.0069444444
0 0.6962890625 0.4388888889 0.0082031250 0.0055555556
0 0.6501953125 0.4458333333 0.0511718750 0.0097222222
0 0.8589843750 0.4600694444 0.0242187500 0.0118055556
0 0.2726562500 0.4621527778 0.0164062500 0.0090277778
0 0.2166015625 0.4718750000 0.0128906250 0.0104166667
0 0.2597656250 0.4694444444 0.0132812500 0.0055555556
0 0.3714843750 0.4739583333 0.0304687500 0.0131944444
0 0.4521484375 0.4739583333 0.0097656250 0.0076388889
0 0.5353515625 0.4767361111 0.0238281250 0.0118055556
0 0.5740234375 0.4781250000 0.0152343750 0.0104166667
0 0.2455078125 0.4788194444 0.0121093750 0.0076388889
0 0.8501953125 0.4875000000 0.0097656250 0.0069444444
0 0.9162109375 0.4975694444 0.0074218750 0.0048611111
