0 0.8759765625 0.1690972222 0.0121093750 0.0090277778
0 0.2685546875 0.3045138889 0.0121093750 0.0062500000
0 0.4421875000 0.3062500000 0.0257812500 0.0083333333
0 0.2365234375 0.3250000000 0.0082031250 0.0055555556
0 0.8392578125 0.3510416667 0.0191406250 0.0159722222
0 0.4970703125 0.3767361111 0.0246093750 0.0104166667
0 0.8332031250 0.3947916667 0.1179687500 0.0395833333
0 0.4279296875 0.3944444444 0.0152343750 0.0125000000
0 0.4003906250 0.3982638889 0.0195312500 0.0159722222
0 0.5675781250 0.4013888889 0.0562500000 0.0138888889
0 0.4531250000 0.4052083333 0.0289062500 0.0201388889
0 0.4841796875 0.4107638889 0.0371093750 0.0270833333
0 0.2527343750 0.4003472222 0.0093750000 0.0048611111
0 0.6968750000 0.4111111111 0.0203125000 0.0125000000
0 0.5234375000 0.4170138889 0.0382812500 0.0187500000
0 0.8423828125 0.4548611111 0.0105468750 0.0041666667
0 0.8513671875 0.4881944444 0.0082031250 0.0041666667
