0 0.9113281250 0.2187500000 0.0171875000 0.0083333333
0 0.8837890625 0.2232638889 0.0214843750 0.0145833333
0 0.7300781250 0.2291666667 0.0125000000 0.0083333333
0 0.6169921875 0.2333333333 0.0160156250 0.0111111111
0 0.6458984375 0.2302083333 0.0121093750 0.0062500000
0 0.2474609375 0.2430555556 0.0605468750 0.0277777778
0 0.3662109375 0.2420138889 0.1589843750 0.0270833333
0 0.5433593750 0.2368055556 0.0554687500 0.0152777778
0 0.5886718750 0.2357638889 0.0179687500 0.0145833333
0 0.4857421875 0.2388888889 0.0199218750 0.0125000000
0 0.4593750000 0.2416666667 0.0109375000 0.0055555556
0 0.7158203125 0.3840277778 0.0417968750 0.0194444444
0 0.6767578125 0.3868055556 0.0292968750 0.0180555556
0 0.5689453125 0.3937500000 0.0535156250 0.0138888889
0 0.8601562500 0.3909722222 0.0234375000 0.0083333333
0 0.6148437500 0.3940972222 0.0109375000 0.0090277778
0 0.3189453125 0.3954861111 0.0285156250 0.0076388889
0 0.4919921875 0.3951388889 0.0378906250 0.0083333333
0 0.4111328125 0.4006944444 0.0222656250 0.0097222222
0 0.4511718750 0.4000000000 0.0171875000 0.0083333333
0 0.4800781250 0.4479166667 0.2335937500 0.0472222222
0 0.4962890625 0.4298611111 0.0128906250 0.0097222222
0 0.8275390625 0.4479166667 0.0761718750 0.0430555556
0 0.6082031250 0.4385416667 0.0242187500 0.0201388889
0 0.7343750000 0.4468750000 0.0210937500 0.0173611111
0 0.8556640625 0.4819444444 0.0769531250 0.0361111111
0 0.6927734375 0.4819444444 0.0496093750 0.0291666667
0 0.4890625000 0.4746527778 0.0093750000 0.0076388889
0 0.6150390625 0.4788194444 0.0199218750 0.0159722222
0 0.4158203125 0.4857638889 0.0816406250 0.0284722222
0 0.3365234375 0.4822916667 0.0222656250 0.0187500000
0 0.4662109375 0.4798611111 0.0167968750 0.0097222222
0 0.7488281250 0.4899305556 0.0414062500 0.0201388889
0 0.6210937500 0.4906250000 0.0796875000 0.0187500000
0 0.4742187500 0.4947916667 0.0171875000 0.0104166667
0 0.5091796875 0.4972222222 0.0222656250 0.0055555556
