0 0.8810546875 0.2517361111 0.0777343750 0.0187500000
0 0.5126953125 0.2586805556 0.0433593750 0.0118055556
0 0.7431640625 0.2579861111 0.0113281250 0.0076388889
0 0.4238281250 0.2614583333 0.0367187500 0.0118055556
0 0.2480468750 0.2770833333 0.0992187500 0.0388888889
0 0.8957031250 0.3184027778 0.0125000000 0.0104166667
0 0.7998046875 0.3208333333 0.0136718750 0.0097222222
0 0.7931640625 0.3531250000 0.0738281250 0.0576388889
0 0.8681640625 0.3440972222 0.1035156250 0.0368055556
0 0.4232421875 0.3475694444 0.0386718750 0.0173611111
0 0.5207031250 0.3517361111 0.0359375000 0.0201388889
0 0.2025390625 0.3510416667 0.0105468750 0.0076388889
0 0.3539062500 0.3597222222 0.0437500000 0.0194444444
0 0.6972656250 0.3565972222 0.0164062500 0.0104166667
0 0.7269531250 0.3534722222 0.0062500000 0.0055555556
0 0.6416015625 0.3552083333 0.0097656250 0.0062500000
0 0.6000000000 0.3618055556 0.0109375000 0.0083333333
0 0.2244140625 0.3666666667 0.0253906250 0.0152777778
0 0.5703125000 0.3687500000 0.0304687500 0.0125000000
0 0.3923828125 0.3774305556 0.0277343750 0.0187500000
0 0.9144531250 0.3718750000 0.0109375000 0.0062500000
0 0.5031250000 0.3885416667 0.0265625000 0.0159722222
0 0.5433593750 0.3892361111 0.0273437500 0.0173611111
0 0.5925781250 0.4048611111 0.0468750000 0.0305555556
0 0.8486328125 0.4479166667 0.0121093750 0.0097222222
0 0.8732421875 0.4506944444 0.0152343750 0.0083333333
0 0.8845703125 0.4795138889 0.0128906250 0.0062500000
0 0.8777343750 0.4965277778 0.0132812500 0.0069444444
