0 0.2304687500 0.2656250000 0.0125000000 0.0090277778
0 0.2923828125 0.3052083333 0.1183593750 0.0326388889
0 0.8984375000 0.2975694444 0.0429687500 0.0118055556
0 0.5955078125 0.3934027778 0.0082031250 0.0062500000
0 0.7503906250 0.3972222222 0.0320312500 0.0125000000
0 0.5037109375 0.4031250000 0.0503906250 0.0201388889
0 0.6193359375 0.4031250000 0.0121093750 0.0090277778
0 0.8869140625 0.4277777778 0.0207031250 0.0180555556
0 0.2437500000 0.4447916667 0.0140625000 0.0076388889
0 0.8906250000 0.4583333333 0.0156250000 0.0069444444
0 0.7851562500 0.4607638889 0.0203125000 0.0062500000
0 0.8810546875 0.4881944444 0.0378906250 0.0097222222
