0 0.8582031250 0.2704861111 0.0375000000 0.0187500000
0 0.8937500000 0.2684027778 0.0164062500 0.0131944444
0 0.4324218750 0.2840277778 0.0210937500 0.0083333333
0 0.3894531250 0.2885416667 0.0148437500 0.0131944444
0 0.2550781250 0.2899305556 0.0117187500 0.0048611111
0 0.2250000000 0.3024305556 0.0109375000 0.0062500000
0 0.8501953125 0.3215277778 0.0308593750 0.0208333333
0 0.4921875000 0.3361111111 0.0117187500 0.0097222222
0 0.4187500000 0.3666666667 0.0265625000 0.0166666667
0 0.5232421875 0.3697916667 0.0214843750 0.0173611111
0 0.7404296875 0.3666666667 0.0183593750 0.0125000000
0 0.3351562500 0.3708333333 0.0203125000 0.0166666667
0 0.3736328125 0.3701388889 0.0371093750 0.0125000000
0 0.4740234375 0.3725694444 0.0113281250 0.0090277778
0 0.7046875000 0.3750000000 0.0156250000 0.0083333333
0 0.5705078125 0.3965277778 0.0785156250 0.0305555556
0 0.6933593750 0.3993055556 0.0203125000 0.0152777778
0 0.6554687500 0.4013888889 0.0210937500 0.0152777778
0 0.8582031250 0.4232638889 0.0132812500 0.0090277778
0 0.2671875000 0.4364583333 0.0109375000 0.0076388889
0 0.2398437500 0.4381944444 0.0132812500 0.0069444444
0 0.8126953125 0.4496527778 0.0214843750 0.0173611111
0 0.8601562500 0.4628472222 0.0117187500 0.0076388889
0 0.2695312500 0.4798611111 0.0109375000 0.0097222222
