0 0.2333984375 0.1527777778 0.0269531250 0.0166666667
0 0.2988281250 0.1583333333 0.0437500000 0.0208333333
0 0.4181640625 0.1569444444 0.0261718750 0.0152777778
0 0.4476562500 0.3593750000 0.0257812500 0.0118055556
0 0.2894531250 0.3625000000 0.0109375000 0.0055555556
0 0.2523437500 0.3718750000 0.0445312500 0.0159722222
0 0.6482421875 0.3854166667 0.0128906250 0.0111111111
0 0.8007812500 0.3906250000 0.0218750000 0.0145833333
0 0.7523437500 0.3940972222 0.0140625000 0.0104166667
0 0.7876953125 0.4218750000 0.0160156250 0.0090277778
0 0.5710937500 0.4263888889 0.0164062500 0.0125000000
0 0.5994140625 0.4239583333 0.0097656250 0.0076388889
0 0.4511718750 0.4239583333 0.0070312500 0.0048611111
0 0.8519531250 0.4430555556 0.0539062500 0.0333333333
0 0.7957031250 0.4413194444 0.0343750000 0.0243055556
0 0.4097656250 0.4371527778 0.0218750000 0.0145833333
0 0.7384765625 0.4454861111 0.0449218750 0.0312500000
0 0.5156250000 0.4378472222 0.0265625000 0.0131944444
0 0.6324218750 0.4361111111 0.0093750000 0.0069444444
0 0.6361328125 0.4506944444 0.0691406250 0.0319444444
0 0.4748046875 0.4427083333 0.0222656250 0.0145833333
0 0.3771484375 0.4475694444 0.0199218750 0.0173611111
0 0.4974609375 0.4618055556 0.0238281250 0.0138888889
0 0.8093750000 0.4621527778 0.0156250000 0.0118055556
0 0.4593750000 0.4666666667 0.0359375000 0.0180555556
0 0.4228515625 0.4666666667 0.0136718750 0.0111111111
0 0.5531250000 0.4833333333 0.0218750000 0.0138888889
