0 0.2369140625 0.1236111111 0.0308593750 0.0069444444
0 0.8796875000 0.2659722222 0.0804687500 0.0291666667
0 0.7646484375 0.3440972222 0.0152343750 0.0104166667
0 0.7228515625 0.3618055556 0.0449218750 0.0361111111
0 0.8326171875 0.3635416667 0.0488281250 0.0284722222
0 0.7732421875 0.3572916667 0.0300781250 0.0131944444
0 0.5603515625 0.3652777778 0.0207031250 0.0166666667
0 0.4589843750 0.3673611111 0.0109375000 0.0069444444
0 0.7621093750 0.3739583333 0.0218750000 0.0159722222
0 0.6544921875 0.3819444444 0.0199218750 0.0097222222
0 0.8380859375 0.4722222222 0.0269531250 0.0111111111
0 0.8267578125 0.4881944444 0.0175781250 0.0152777778
0 0.8851562500 0.4833333333 0.0078125000 0.0069444444
0 0.8646484375 0.4923611111 0.0222656250 0.0152777778
