0 0.2308593750 0.1701388889 0.0109375000 0.0069444444
0 0.8242187500 0.3072916667 0.0093750000 0.0062500000
0 0.8683593750 0.3138888889 0.0500000000 0.0125000000
0 0.7494140625 0.3180555556 0.0113281250 0.0069444444
0 0.4812500000 0.3777777778 0.0273437500 0.0194444444
0 0.7027343750 0.4086805556 0.0710937500 0.0298611111
0 0.7929687500 0.4156250000 0.1062500000 0.0423611111
0 0.7876953125 0.4034722222 0.0214843750 0.0152777778
0 0.4925781250 0.4128472222 0.0406250000 0.0284722222
0 0.3820312500 0.4163194444 0.0343750000 0.0256944444
0 0.8611328125 0.4104166667 0.0269531250 0.0125000000
0 0.4236328125 0.4166666667 0.0394531250 0.0222222222
0 0.5519531250 0.4163194444 0.0585937500 0.0187500000
0 0.6228515625 0.4149305556 0.0191406250 0.0159722222
0 0.4537109375 0.4232638889 0.0152343750 0.0076388889
0 0.6501953125 0.4326388889 0.0292968750 0.0138888889
0 0.8822265625 0.4725694444 0.0269531250 0.0159722222
0 0.8466796875 0.4722222222 0.0105468750 0.0055555556
0 0.8218750000 0.4774305556 0.0187500000 0.0118055556
