0 0.8953125000 0.2152777778 0.0492187500 0.0208333333
0 0.8273437500 0.2187500000 0.0609375000 0.0152777778
0 0.7824218750 0.2190972222 0.0132812500 0.0104166667
0 0.2390625000 0.2343750000 0.0398437500 0.0270833333
0 0.3482421875 0.2336805556 0.1011718750 0.0215277778
0 0.4191406250 0.2309027778 0.0257812500 0.0159722222
0 0.8369140625 0.3968750000 0.0292968750 0.0173611111
0 0.6574218750 0.4107638889 0.0523437500 0.0187500000
0 0.7130859375 0.4083333333 0.0246093750 0.0138888889
0 0.7826171875 0.4076388889 0.0238281250 0.0111111111
0 0.3423828125 0.4062500000 0.0097656250 0.0041666667
0 0.5775390625 0.4135416667 0.0261718750 0.0187500000
0 0.5988281250 0.4086805556 0.0148437500 0.0104166667
0 0.4996093750 0.4152777778 0.0945312500 0.0208333333
0 0.2572265625 0.4229166667 0.0550781250 0.0263888889
0 0.3826171875 0.4149305556 0.0136718750 0.0104166667
0 0.4201171875 0.4173611111 0.0191406250 0.0111111111
0 0.5005859375 0.4579861111 0.1441406250 0.0534722222
0 0.8275390625 0.4527777778 0.0980468750 0.0402777778
0 0.3662109375 0.4614583333 0.1144531250 0.0506944444
0 0.6771484375 0.4597222222 0.0730468750 0.0444444444
0 0.7527343750 0.4753472222 0.0257812500 0.0173611111
0 0.7189453125 0.4833333333 0.0144531250 0.0083333333
0 0.8070312500 0.4857638889 0.0140625000 0.0076388889
0 0.5535156250 0.4881944444 0.0195312500 0.0097222222
0 0.4673828125 0.4923611111 0.0503906250 0.0152777778
0 0.2236328125 0.4927083333 0.0324218750 0.0145833333
0 0.4019531250 0.4920138889 0.0132812500 0.0118055556
0 0.6599609375 0.4927083333 0.0417968750 0.0145833333
0 0.8396484375 0.4940972222 0.0378906250 0.0118055556
0 0.7634765625 0.4961805556 0.0121093750 0.0076388889
0 0.6982421875 0.4968750000 0.0183593750 0.0062500000
