0 0.7894531250 0.2826388889 0.0273437500 0.0152777778
0 0.8462890625 0.2847222222 0.0480468750 0.0180555556
0 0.2976562500 0.2965277778 0.0242187500 0.0152777778
0 0.5283203125 0.2975694444 0.0207031250 0.0076388889
0 0.2501953125 0.3128472222 0.0511718750 0.0354166667
0 0.4603515625 0.3003472222 0.0292968750 0.0104166667
0 0.3996093750 0.3031250000 0.0171875000 0.0131944444
0 0.4949218750 0.3006944444 0.0140625000 0.0069444444
0 0.4220703125 0.3027777778 0.0113281250 0.0069444444
0 0.3667968750 0.3045138889 0.0101562500 0.0076388889
0 0.9117187500 0.3180555556 0.0164062500 0.0111111111
0 0.8652343750 0.3784722222 0.1093750000 0.0944444444
0 0.7322265625 0.3743055556 0.0308593750 0.0152777778
0 0.7636718750 0.3767361111 0.0132812500 0.0076388889
0 0.3316406250 0.3940972222 0.0375000000 0.0215277778
0 0.7900390625 0.3958333333 0.0316406250 0.0263888889
0 0.5546875000 0.3972222222 0.0390625000 0.0180555556
0 0.6496093750 0.3940972222 0.0156250000 0.0104166667
0 0.4800781250 0.4034722222 0.0414062500 0.0194444444
0 0.6136718750 0.4006944444 0.0195312500 0.0125000000
0 0.6898437500 0.4010416667 0.0218750000 0.0145833333
0 0.7466796875 0.4003472222 0.0121093750 0.0062500000
0 0.4044921875 0.4090277778 0.0464843750 0.0180555556
0 0.5246093750 0.4135416667 0.0257812500 0.0104166667
0 0.6968750000 0.4131944444 0.0093750000 0.0055555556
0 0.6507812500 0.4177083333 0.0515625000 0.0118055556
0 0.6078125000 0.4274305556 0.0085937500 0.0076388889
0 0.8562500000 0.4326388889 0.0320312500 0.0166666667
0 0.2718750000 0.4364583333 0.0156250000 0.0076388889
0 0.3087890625 0.4583333333 0.0144531250 0.0097222222
0 0.8441406250 0.4611111111 0.0117187500 0.0083333333
0 0.7205078125 0.4711805556 0.0128906250 0.0048611111
0 0.5330078125 0.4753472222 0.0238281250 0.0076388889
0 0.8335937500 0.4756944444 0.0125000000 0.0083333333
0 0.8304687500 0.4916666667 0.0164062500 0.0069444444
0 0.8792968750 0.4951388889 0.0203125000 0.0097222222
0 0.9111328125 0.4954861111 0.0175781250 0.0090277778
