0 0.8437500000 0.3118055556 0.0601562500 0.0152777778
0 0.4546875000 0.3239583333 0.1078125000 0.0145833333
0 0.3582031250 0.3309027778 0.0164062500 0.0118055556
0 0.7759765625 0.4062500000 0.1378906250 0.0375000000
0 0.3458984375 0.4006944444 0.0261718750 0.0194444444
0 0.6371093750 0.4065972222 0.0257812500 0.0145833333
0 0.4119140625 0.4107638889 0.0472656250 0.0187500000
0 0.4759765625 0.4211805556 0.0496093750 0.0409722222
0 0.6865234375 0.4086805556 0.0300781250 0.0131944444
0 0.3757812500 0.4201388889 0.0265625000 0.0194444444
0 0.4388671875 0.4288194444 0.0230468750 0.0187500000
0 0.6951171875 0.4270833333 0.0332031250 0.0138888889
0 0.5171875000 0.4281250000 0.0242187500 0.0118055556
0 0.7269531250 0.4336805556 0.0171875000 0.0104166667
0 0.5375000000 0.4381944444 0.0164062500 0.0125000000
0 0.5685546875 0.4350694444 0.0121093750 0.0076388889
0 0.6312500000 0.4409722222 0.0156250000 0.0055555556
0 0.8330078125 0.4486111111 0.0207031250 0.0097222222
0 0.7730468750 0.4506944444 0.0187500000 0.0097222222
0 0.2878906250 0.4534722222 0.0109375000 0.0069444444
0 0.8371093750 0.4673611111 0.0187500000 0.0125000000
0 0.4298828125 0.4722222222 0.0097656250 0.0069444444
0 0.4640625000 0.4725694444 0.0148437500 0.0076388889
0 0.7552734375 0.4802083333 0.0105468750 0.0090277778
