0 0.8501953125 0.2503472222 0.0332031250 0.0131944444
0 0.5730468750 0.2597222222 0.0429687500 0.0166666667
0 0.5033203125 0.2593750000 0.0410156250 0.0131944444
0 0.4123046875 0.2635416667 0.0394531250 0.0131944444
0 0.4580078125 0.2614583333 0.0261718750 0.0104166667
0 0.2515625000 0.2743055556 0.0703125000 0.0319444444
0 0.7792968750 0.2899305556 0.0210937500 0.0145833333
0 0.8228515625 0.2958333333 0.0496093750 0.0250000000
0 0.4255859375 0.2968750000 0.0621093750 0.0173611111
0 0.8361328125 0.3569444444 0.1058593750 0.0486111111
0 0.4937500000 0.3531250000 0.0414062500 0.0229166667
0 0.5425781250 0.3565972222 0.0132812500 0.0104166667
0 0.3406250000 0.3583333333 0.0148437500 0.0125000000
0 0.6849609375 0.3590277778 0.0167968750 0.0125000000
0 0.4466796875 0.3614583333 0.0238281250 0.0159722222
0 0.5880859375 0.3600694444 0.0105468750 0.0076388889
0 0.6410156250 0.3788194444 0.0117187500 0.0090277778
0 0.8937500000 0.3822916667 0.0179687500 0.0118055556
0 0.5734375000 0.3892361111 0.0187500000 0.0104166667
0 0.8835937500 0.4239583333 0.0359375000 0.0201388889
0 0.8636718750 0.4517361111 0.0132812500 0.0076388889
0 0.4787109375 0.4791666667 0.0082031250 0.0069444444
