0 0.2281250000 0.2076388889 0.0703125000 0.0444444444
0 0.3597656250 0.1958333333 0.0882812500 0.0152777778
0 0.6687500000 0.3687500000 0.0210937500 0.0125000000
0 0.8880859375 0.3729166667 0.0636718750 0.0180555556
0 0.5255859375 0.3722222222 0.0363281250 0.0083333333
0 0.3179687500 0.3760416667 0.0148437500 0.0131944444
0 0.4796875000 0.3763888889 0.0195312500 0.0152777778
0 0.4146484375 0.3777777778 0.0449218750 0.0138888889
0 0.2857421875 0.3850694444 0.0113281250 0.0090277778
0 0.2611328125 0.3940972222 0.0199218750 0.0131944444
0 0.3785156250 0.4131944444 0.0257812500 0.0194444444
0 0.5650390625 0.4166666667 0.0269531250 0.0166666667
0 0.8265625000 0.4250000000 0.0601562500 0.0319444444
0 0.4351562500 0.4302083333 0.0140625000 0.0104166667
0 0.6281250000 0.4381944444 0.0281250000 0.0236111111
0 0.4730468750 0.4343750000 0.0117187500 0.0062500000
0 0.6642578125 0.4618055556 0.0464843750 0.0388888889
0 0.8052734375 0.4461805556 0.0097656250 0.0062500000
0 0.3943359375 0.4562500000 0.0433593750 0.0236111111
0 0.7562500000 0.4656250000 0.0554687500 0.0423611111
0 0.8812500000 0.4555555556 0.0437500000 0.0222222222
0 0.4494140625 0.4482638889 0.0191406250 0.0062500000
0 0.4250000000 0.4510416667 0.0078125000 0.0048611111
0 0.5980468750 0.4618055556 0.0500000000 0.0277777778
0 0.5316406250 0.4756944444 0.0515625000 0.0347222222
0 0.4457031250 0.4642361111 0.0093750000 0.0076388889
0 0.8392578125 0.4753472222 0.0503906250 0.0298611111
0 0.4242187500 0.4666666667 0.0078125000 0.0069444444
0 0.3917968750 0.4795138889 0.0273437500 0.0201388889
0 0.4775390625 0.4812500000 0.0425781250 0.0250000000
0 0.4128906250 0.4815972222 0.0101562500 0.0076388889
0 0.2027343750 0.4822916667 0.0101562500 0.0076388889
