0 0.1521484375 0.1250000000 0.0167968750 0.0097222222
0 0.2246093750 0.1239583333 0.0140625000 0.0076388889
0 0.2785156250 0.1347222222 0.0101562500 0.0055555556
0 0.4546875000 0.2065972222 0.1140625000 0.0173611111
0 0.2275390625 0.2128472222 0.0175781250 0.0118055556
0 0.3644531250 0.2961805556 0.0523437500 0.0381944444
0 0.5021484375 0.2937500000 0.0410156250 0.0305555556
0 0.7458984375 0.2868055556 0.0191406250 0.0152777778
0 0.4488281250 0.2847222222 0.0101562500 0.0083333333
0 0.7162109375 0.2881944444 0.0160156250 0.0125000000
0 0.7667968750 0.3055555556 0.0570312500 0.0333333333
0 0.4205078125 0.3027777778 0.0285156250 0.0194444444
0 0.5572265625 0.3013888889 0.0269531250 0.0166666667
0 0.6152343750 0.2989583333 0.0195312500 0.0131944444
0 0.5251953125 0.2996527778 0.0152343750 0.0104166667
0 0.6843750000 0.3010416667 0.0148437500 0.0090277778
0 0.6591796875 0.3194444444 0.0402343750 0.0208333333
0 0.4576171875 0.3194444444 0.0308593750 0.0111111111
0 0.5390625000 0.3260416667 0.0421875000 0.0145833333
0 0.7539062500 0.4156250000 0.0187500000 0.0104166667
0 0.5701171875 0.4291666667 0.0128906250 0.0069444444
