0 0.0853515625 0.1743055556 0.0105468750 0.0083333333
0 0.2156250000 0.2500000000 0.0093750000 0.0041666667
0 0.8287109375 0.2701388889 0.0207031250 0.0166666667
0 0.2693359375 0.2815972222 0.0152343750 0.0076388889
0 0.9156250000 0.2836805556 0.0085937500 0.0062500000
0 0.4355468750 0.2899305556 0.0148437500 0.0118055556
0 0.3863281250 0.3003472222 0.0625000000 0.0298611111
0 0.2533203125 0.2923611111 0.0128906250 0.0055555556
0 0.2427734375 0.3131944444 0.0191406250 0.0152777778
0 0.8585937500 0.3208333333 0.0125000000 0.0097222222
0 0.8048828125 0.3614583333 0.0621093750 0.0395833333
0 0.7558593750 0.3541666667 0.0187500000 0.0138888889
0 0.8619140625 0.3645833333 0.0261718750 0.0208333333
0 0.5597656250 0.3788194444 0.0273437500 0.0145833333
0 0.2373046875 0.3836805556 0.0121093750 0.0090277778
0 0.2101562500 0.3833333333 0.0101562500 0.0055555556
0 0.5185546875 0.3937500000 0.0246093750 0.0180555556
0 0.4695312500 0.3940972222 0.0132812500 0.0118055556
0 0.8875000000 0.4399305556 0.0328125000 0.0145833333
0 0.8552734375 0.4545138889 0.0339843750 0.0243055556
0 0.8162109375 0.4666666667 0.0332031250 0.0111111111
0 0.7578125000 0.4708333333 0.0132812500 0.0097222222
0 0.4371093750 0.4715277778 0.0101562500 0.0069444444
0 0.5044921875 0.4704861111 0.0136718750 0.0062500000
0 0.7300781250 0.4718750000 0.0070312500 0.0048611111
0 0.4572265625 0.4774305556 0.0121093750 0.0090277778
0 0.5949218750 0.4784722222 0.0296875000 0.0083333333
0 0.5246093750 0.4805555556 0.0171875000 0.0097222222
0 0.8736328125 0.4927083333 0.0480468750 0.0145833333
0 0.9111328125 0.4930555556 0.0175781250 0.0138888889
