0 0.4765625000 0.2760416667 0.0226562500 0.0090277778
0 0.4191406250 0.2774305556 0.0343750000 0.0090277778
0 0.1923828125 0.2899305556 0.0246093750 0.0131944444
0 0.9134765625 0.3513888889 0.0128906250 0.0097222222
0 0.7218750000 0.3559027778 0.0085937500 0.0076388889
0 0.7417968750 0.3583333333 0.0140625000 0.0125000000
0 0.7892578125 0.3625000000 0.0214843750 0.0166666667
0 0.3775390625 0.3722222222 0.0417968750 0.0263888889
0 0.4892578125 0.3701388889 0.0191406250 0.0152777778
0 0.5437500000 0.3743055556 0.0539062500 0.0180555556
0 0.6978515625 0.3711805556 0.0144531250 0.0104166667
0 0.7849609375 0.3829861111 0.0144531250 0.0118055556
0 0.7500000000 0.3833333333 0.0101562500 0.0083333333
0 0.6494140625 0.3875000000 0.0207031250 0.0111111111
0 0.6863281250 0.3854166667 0.0171875000 0.0083333333
0 0.4433593750 0.3940972222 0.0187500000 0.0104166667
0 0.9138671875 0.4100694444 0.0121093750 0.0062500000
0 0.6386718750 0.4142361111 0.0132812500 0.0104166667
0 0.8570312500 0.4881944444 0.0132812500 0.0069444444
