0 0.2308593750 0.1225694444 0.0109375000 0.0048611111
0 0.2445312500 0.2406250000 0.0109375000 0.0048611111
0 0.8726562500 0.2815972222 0.0945312500 0.0256944444
0 0.2808593750 0.2979166667 0.1046875000 0.0402777778
0 0.8097656250 0.3243055556 0.0781250000 0.0388888889
0 0.8101562500 0.3684027778 0.0929687500 0.0548611111
0 0.5453125000 0.3784722222 0.0265625000 0.0166666667
0 0.4093750000 0.3822916667 0.0484375000 0.0201388889
0 0.7160156250 0.3774305556 0.0101562500 0.0062500000
0 0.6501953125 0.3833333333 0.0113281250 0.0097222222
0 0.4888671875 0.3972222222 0.0410156250 0.0347222222
0 0.8828125000 0.4010416667 0.0203125000 0.0104166667
0 0.8462890625 0.4250000000 0.0113281250 0.0069444444
0 0.8134765625 0.4482638889 0.0097656250 0.0062500000
0 0.8449218750 0.4614583333 0.0265625000 0.0187500000
0 0.8830078125 0.4631944444 0.0292968750 0.0208333333
0 0.9025390625 0.4715277778 0.0144531250 0.0069444444
0 0.8953125000 0.4881944444 0.0492187500 0.0236111111
0 0.7730468750 0.4819444444 0.0085937500 0.0069444444
0 0.8505859375 0.4822916667 0.0152343750 0.0076388889
0 0.7480468750 0.4843750000 0.0109375000 0.0062500000
