0 0.8917968750 0.3187500000 0.0476562500 0.0166666667
0 0.2943359375 0.3326388889 0.1136718750 0.0347222222
0 0.8271484375 0.3777777778 0.0207031250 0.0166666667
0 0.7562500000 0.3815972222 0.0273437500 0.0187500000
0 0.6708984375 0.3958333333 0.0089843750 0.0069444444
0 0.7253906250 0.4142361111 0.0476562500 0.0243055556
0 0.2458984375 0.4083333333 0.0089843750 0.0069444444
0 0.5025390625 0.4142361111 0.0292968750 0.0187500000
0 0.6234375000 0.4149305556 0.0203125000 0.0104166667
0 0.8792968750 0.4125000000 0.0062500000 0.0055555556
0 0.5578125000 0.4177083333 0.0125000000 0.0104166667
0 0.8634765625 0.4250000000 0.0160156250 0.0111111111
0 0.5306640625 0.4295138889 0.0152343750 0.0131944444
0 0.8156250000 0.4604166667 0.0187500000 0.0097222222
0 0.4455078125 0.4652777778 0.0113281250 0.0069444444
0 0.8658203125 0.4812500000 0.0675781250 0.0222222222
0 0.5134765625 0.4836805556 0.0082031250 0.0062500000
