0 0.1216796875 0.2048611111 0.0066406250 0.0055555556
0 0.8574218750 0.3218750000 0.0328125000 0.0215277778
0 0.8244140625 0.3253472222 0.0160156250 0.0076388889
0 0.4644531250 0.3399305556 0.1710937500 0.0256944444
0 0.5939453125 0.3371527778 0.0675781250 0.0187500000
0 0.6781250000 0.3322916667 0.0156250000 0.0062500000
0 0.2507812500 0.3454861111 0.0171875000 0.0062500000
0 0.3957031250 0.3708333333 0.0203125000 0.0152777778
0 0.8421875000 0.3743055556 0.0234375000 0.0194444444
0 0.3425781250 0.4076388889 0.0156250000 0.0125000000
0 0.7156250000 0.4184027778 0.0890625000 0.0340277778
0 0.4978515625 0.4097222222 0.0253906250 0.0152777778
0 0.8164062500 0.4243055556 0.0953125000 0.0388888889
0 0.5750000000 0.4121527778 0.0156250000 0.0104166667
0 0.6416015625 0.4173611111 0.0199218750 0.0111111111
0 0.4580078125 0.4177083333 0.0121093750 0.0076388889
0 0.3824218750 0.4284722222 0.0734375000 0.0277777778
0 0.5542968750 0.4288194444 0.0578125000 0.0145833333
0 0.4968750000 0.4399305556 0.0734375000 0.0340277778
0 0.6875000000 0.4381944444 0.0156250000 0.0111111111
0 0.2947265625 0.4385416667 0.0097656250 0.0048611111
0 0.4443359375 0.4489583333 0.0386718750 0.0256944444
0 0.6242187500 0.4503472222 0.0648437500 0.0298611111
0 0.6962890625 0.4510416667 0.0613281250 0.0201388889
0 0.5443359375 0.4534722222 0.0285156250 0.0166666667
0 0.2255859375 0.4548611111 0.0160156250 0.0097222222
0 0.2884765625 0.4684027778 0.0105468750 0.0076388889
0 0.2917968750 0.4871527778 0.0085937500 0.0062500000
