0 0.8751953125 0.2791666667 0.0636718750 0.0194444444
0 0.7712890625 0.2812500000 0.0066406250 0.0055555556
0 0.4468750000 0.2916666667 0.0648437500 0.0111111111
0 0.5132812500 0.2888888889 0.0265625000 0.0069444444
0 0.8261718750 0.3656250000 0.1875000000 0.1590277778
0 0.3925781250 0.2944444444 0.0195312500 0.0083333333
0 0.2277343750 0.3093750000 0.0281250000 0.0159722222
0 0.8146484375 0.3604166667 0.0089843750 0.0055555556
0 0.7363281250 0.3656250000 0.0085937500 0.0076388889
0 0.4212890625 0.3715277778 0.0230468750 0.0111111111
0 0.7421875000 0.3753472222 0.0140625000 0.0118055556
0 0.5292968750 0.3819444444 0.0242187500 0.0138888889
0 0.4593750000 0.3861111111 0.0203125000 0.0138888889
0 0.5541015625 0.3972222222 0.0355468750 0.0291666667
0 0.5037109375 0.4041666667 0.0496093750 0.0250000000
0 0.4160156250 0.4090277778 0.0679687500 0.0263888889
0 0.6587890625 0.4142361111 0.0308593750 0.0229166667
0 0.7009765625 0.4131944444 0.0339843750 0.0208333333
0 0.5832031250 0.4142361111 0.0304687500 0.0159722222
0 0.8658203125 0.4340277778 0.0191406250 0.0111111111
0 0.2730468750 0.4451388889 0.0101562500 0.0083333333
0 0.2464843750 0.4465277778 0.0132812500 0.0055555556
0 0.8636718750 0.4715277778 0.0117187500 0.0083333333
