0 0.1716796875 0.1982638889 0.0324218750 0.0229166667
0 0.6779296875 0.1951388889 0.0527343750 0.0125000000
0 0.7509765625 0.1958333333 0.0347656250 0.0138888889
0 0.5462890625 0.1982638889 0.1574218750 0.0173611111
0 0.3933593750 0.2027777778 0.1203125000 0.0236111111
0 0.2525390625 0.2065972222 0.0691406250 0.0284722222
0 0.3097656250 0.2076388889 0.0304687500 0.0263888889
0 0.8488281250 0.3631944444 0.0382812500 0.0166666667
0 0.4613281250 0.3746527778 0.0148437500 0.0062500000
0 0.4244140625 0.3781250000 0.0386718750 0.0104166667
0 0.3849609375 0.3788194444 0.0175781250 0.0090277778
0 0.2281250000 0.3947916667 0.0250000000 0.0118055556
0 0.8460937500 0.4076388889 0.0171875000 0.0138888889
0 0.3183593750 0.4152777778 0.0125000000 0.0111111111
0 0.3925781250 0.4381944444 0.0203125000 0.0125000000
0 0.8210937500 0.4590277778 0.1617187500 0.0472222222
0 0.4976562500 0.4423611111 0.0078125000 0.0055555556
0 0.4263671875 0.4631944444 0.0496093750 0.0305555556
0 0.3695312500 0.4593750000 0.0226562500 0.0201388889
0 0.5193359375 0.4618055556 0.0261718750 0.0180555556
0 0.6029296875 0.4590277778 0.0113281250 0.0069444444
0 0.6005859375 0.4739583333 0.0386718750 0.0201388889
0 0.4656250000 0.4767361111 0.0070312500 0.0062500000
0 0.2468750000 0.4840277778 0.0265625000 0.0152777778
0 0.5433593750 0.4843750000 0.0453125000 0.0173611111
0 0.6066406250 0.4868055556 0.0148437500 0.0097222222
0 0.4951171875 0.4881944444 0.0175781250 0.0097222222
0 0.4705078125 0.4902777778 0.0152343750 0.0111111111
0 0.4517578125 0.4972222222 0.0066406250 0.0055555556
