0 0.2380859375 0.1513888889 0.0542968750 0.0194444444
0 0.3617187500 0.1510416667 0.0828125000 0.0201388889
0 0.4564453125 0.1496527778 0.0917968750 0.0173611111
0 0.2951171875 0.1527777778 0.0339843750 0.0194444444
0 0.5357421875 0.1500000000 0.0535156250 0.0152777778
0 0.6380859375 0.1489583333 0.0144531250 0.0090277778
0 0.8275390625 0.3309027778 0.0246093750 0.0173611111
0 0.4603515625 0.3437500000 0.0324218750 0.0097222222
0 0.5302734375 0.3420138889 0.0136718750 0.0062500000
0 0.3968750000 0.3472222222 0.0625000000 0.0125000000
0 0.4947265625 0.3461805556 0.0207031250 0.0104166667
0 0.9011718750 0.3451388889 0.0101562500 0.0069444444
0 0.2441406250 0.3593750000 0.0195312500 0.0131944444
0 0.8611328125 0.4041666667 0.1175781250 0.1041666667
0 0.3224609375 0.4170138889 0.0121093750 0.0062500000
0 0.7392578125 0.4194444444 0.0175781250 0.0125000000
0 0.6509765625 0.4184027778 0.0097656250 0.0048611111
0 0.7621093750 0.4225694444 0.0085937500 0.0076388889
0 0.6410156250 0.4298611111 0.0101562500 0.0083333333
0 0.5486328125 0.4375000000 0.0230468750 0.0180555556
0 0.3369140625 0.4392361111 0.0324218750 0.0187500000
0 0.4546875000 0.4479166667 0.0429687500 0.0361111111
0 0.6177734375 0.4402777778 0.0199218750 0.0138888889
0 0.6736328125 0.4510416667 0.0972656250 0.0340277778
0 0.2277343750 0.4434027778 0.0203125000 0.0159722222
0 0.4945312500 0.4451388889 0.0226562500 0.0166666667
0 0.5333984375 0.4572916667 0.0308593750 0.0118055556
0 0.5564453125 0.4645833333 0.0222656250 0.0111111111
0 0.5917968750 0.4666666667 0.0171875000 0.0125000000
0 0.8566406250 0.4736111111 0.0296875000 0.0125000000
