0 0.8611328125 0.1631944444 0.1175781250 0.0263888889
0 0.2193359375 0.1746527778 0.0699218750 0.0298611111
0 0.3888671875 0.1677083333 0.0152343750 0.0090277778
0 0.8837890625 0.3652777778 0.0722656250 0.0263888889
0 0.3017578125 0.3642361111 0.0503906250 0.0215277778
0 0.7210937500 0.3909722222 0.0296875000 0.0208333333
0 0.7701171875 0.4010416667 0.0566406250 0.0409722222
0 0.5500000000 0.3927083333 0.0375000000 0.0187500000
0 0.4710937500 0.4128472222 0.0132812500 0.0104166667
0 0.4205078125 0.4256944444 0.0214843750 0.0138888889
0 0.7296875000 0.4246527778 0.0140625000 0.0118055556
0 0.6550781250 0.4267361111 0.0156250000 0.0104166667
0 0.7644531250 0.4496527778 0.0593750000 0.0465277778
0 0.5285156250 0.4392361111 0.0445312500 0.0215277778
0 0.6935546875 0.4524305556 0.1285156250 0.0437500000
0 0.6039062500 0.4368055556 0.0125000000 0.0111111111
0 0.4708984375 0.4559027778 0.0753906250 0.0381944444
0 0.6023437500 0.4496527778 0.0390625000 0.0131944444
0 0.1933593750 0.4631944444 0.0187500000 0.0166666667
0 0.8820312500 0.4729166667 0.0757812500 0.0347222222
0 0.5123046875 0.4697916667 0.0238281250 0.0201388889
0 0.5976562500 0.4697916667 0.0101562500 0.0090277778
0 0.9115234375 0.4899305556 0.0167968750 0.0062500000
0 0.1857421875 0.4965277778 0.0105468750 0.0069444444
0 0.8873046875 0.4975694444 0.0136718750 0.0048611111
