0 0.3546875000 0.1541666667 0.0187500000 0.0097222222
0 0.2890625000 0.1562500000 0.0156250000 0.0097222222
0 0.1326171875 0.1847222222 0.0191406250 0.0166666667
0 0.8560546875 0.3590277778 0.0207031250 0.0152777778
0 0.3937500000 0.3732638889 0.0179687500 0.0062500000
0 0.2322265625 0.3829861111 0.0253906250 0.0215277778
0 0.2662109375 0.3760416667 0.0167968750 0.0090277778
0 0.4837890625 0.4034722222 0.0160156250 0.0111111111
0 0.7900390625 0.4621527778 0.1199218750 0.0395833333
0 0.3908203125 0.4555555556 0.0230468750 0.0138888889
0 0.5294921875 0.4586805556 0.0238281250 0.0159722222
0 0.4611328125 0.4635416667 0.0199218750 0.0145833333
0 0.4875000000 0.4743055556 0.0406250000 0.0194444444
0 0.2519531250 0.4788194444 0.0164062500 0.0145833333
0 0.3867187500 0.4805555556 0.0226562500 0.0125000000
0 0.4277343750 0.4840277778 0.0460937500 0.0194444444
0 0.5171875000 0.4819444444 0.0164062500 0.0111111111
0 0.6916015625 0.4871527778 0.0183593750 0.0145833333
0 0.5857421875 0.4913194444 0.0222656250 0.0131944444
0 0.4857421875 0.4975694444 0.0089843750 0.0048611111
