0 0.8279296875 0.2861111111 0.0261718750 0.0180555556
0 0.4089843750 0.3020833333 0.0351562500 0.0125000000
0 0.4818359375 0.3003472222 0.0605468750 0.0090277778
0 0.8507812500 0.3548611111 0.1382812500 0.1180555556
0 0.3732421875 0.3048611111 0.0191406250 0.0083333333
0 0.2390625000 0.3187500000 0.0250000000 0.0222222222
0 0.3828125000 0.3704861111 0.0156250000 0.0076388889
0 0.3205078125 0.3725694444 0.0121093750 0.0090277778
0 0.7394531250 0.3746527778 0.0164062500 0.0118055556
0 0.7625000000 0.3774305556 0.0093750000 0.0076388889
0 0.3349609375 0.3934027778 0.0316406250 0.0201388889
0 0.4484375000 0.3979166667 0.0328125000 0.0250000000
0 0.5513671875 0.3951388889 0.0292968750 0.0166666667
0 0.6169921875 0.3958333333 0.0214843750 0.0152777778
0 0.4947265625 0.4020833333 0.0207031250 0.0180555556
0 0.7582031250 0.4072916667 0.0406250000 0.0243055556
0 0.2300781250 0.4020833333 0.0109375000 0.0097222222
0 0.4046875000 0.4086805556 0.0328125000 0.0187500000
0 0.6753906250 0.4118055556 0.0929687500 0.0208333333
0 0.4634765625 0.4159722222 0.0128906250 0.0097222222
0 0.5328125000 0.4142361111 0.0164062500 0.0076388889
0 0.5552734375 0.4204861111 0.0144531250 0.0062500000
0 0.5902343750 0.4243055556 0.0070312500 0.0055555556
0 0.8568359375 0.4302083333 0.0292968750 0.0104166667
0 0.2759765625 0.4364583333 0.0113281250 0.0076388889
0 0.5255859375 0.4718750000 0.0441406250 0.0145833333
0 0.3142578125 0.4729166667 0.0082031250 0.0069444444
0 0.8343750000 0.4927083333 0.0132812500 0.0062500000
