0 0.4027343750 0.2982638889 0.0171875000 0.0131944444
0 0.3744140625 0.3027777778 0.0105468750 0.0041666667
0 0.3089843750 0.3125000000 0.0460937500 0.0194444444
0 0.8816406250 0.3177083333 0.0765625000 0.0256944444
0 0.5189453125 0.3118055556 0.0121093750 0.0083333333
0 0.7199218750 0.3381944444 0.0359375000 0.0222222222
0 0.4498046875 0.3364583333 0.0308593750 0.0118055556
0 0.3828125000 0.3364583333 0.0140625000 0.0104166667
0 0.3527343750 0.3430555556 0.0273437500 0.0166666667
0 0.1933593750 0.3423611111 0.0320312500 0.0138888889
0 0.5630859375 0.3399305556 0.0152343750 0.0076388889
0 0.5779296875 0.3618055556 0.0300781250 0.0166666667
0 0.5529296875 0.3993055556 0.0488281250 0.0416666667
0 0.7201171875 0.3843750000 0.0074218750 0.0062500000
0 0.6595703125 0.4052083333 0.1332031250 0.0381944444
0 0.5289062500 0.3934027778 0.0140625000 0.0076388889
0 0.5892578125 0.4121527778 0.0246093750 0.0187500000
0 0.1833984375 0.4097222222 0.0113281250 0.0041666667
0 0.5115234375 0.4208333333 0.0300781250 0.0263888889
0 0.1910156250 0.4173611111 0.0109375000 0.0083333333
0 0.8951171875 0.4343750000 0.0089843750 0.0062500000
0 0.8906250000 0.4690972222 0.0585937500 0.0423611111
0 0.4800781250 0.4638888889 0.0156250000 0.0097222222
0 0.8363281250 0.4722222222 0.0257812500 0.0180555556
0 0.1761718750 0.4750000000 0.0078125000 0.0069444444
0 0.2107421875 0.4777777778 0.0128906250 0.0111111111
0 0.8423828125 0.4930555556 0.0207031250 0.0097222222
0 0.8701171875 0.4972222222 0.0128906250 0.0055555556
