0 0.2253906250 0.1260416667 0.0421875000 0.0118055556
0 0.2617187500 0.1930555556 0.0140625000 0.0125000000
0 0.8599609375 0.2395833333 0.1003906250 0.0263888889
0 0.2742187500 0.2555555556 0.0156250000 0.0111111111
0 0.2363281250 0.2750000000 0.0468750000 0.0361111111
0 0.8060546875 0.3145833333 0.0097656250 0.0083333333
0 0.8869140625 0.4152777778 0.0121093750 0.0083333333
0 0.8650390625 0.4194444444 0.0230468750 0.0111111111
0 0.8642578125 0.4322916667 0.0121093750 0.0104166667
0 0.8898437500 0.4444444444 0.0328125000 0.0222222222
0 0.4525390625 0.4510416667 0.0074218750 0.0062500000
0 0.5187500000 0.4545138889 0.0117187500 0.0076388889
0 0.8833984375 0.4642361111 0.0238281250 0.0145833333
0 0.8595703125 0.4829861111 0.0410156250 0.0340277778
0 0.8078125000 0.4954861111 0.0468750000 0.0090277778
