0 0.1201171875 0.1253472222 0.0121093750 0.0104166667
0 0.2117187500 0.1409722222 0.0101562500 0.0083333333
0 0.2320312500 0.2350694444 0.0093750000 0.0048611111
0 0.4115234375 0.2815972222 0.0082031250 0.0062500000
0 0.3855468750 0.2975694444 0.0492187500 0.0284722222
0 0.2384765625 0.3010416667 0.0230468750 0.0159722222
0 0.1949218750 0.3145833333 0.0140625000 0.0069444444
0 0.2173828125 0.3166666667 0.0128906250 0.0083333333
0 0.7208984375 0.3493055556 0.0167968750 0.0125000000
0 0.7675781250 0.3572916667 0.0296875000 0.0243055556
0 0.7691406250 0.3809027778 0.0070312500 0.0062500000
0 0.7814453125 0.4006944444 0.0285156250 0.0166666667
0 0.8156250000 0.4142361111 0.0101562500 0.0048611111
0 0.8876953125 0.4277777778 0.0121093750 0.0069444444
0 0.2935546875 0.4437500000 0.0097656250 0.0069444444
0 0.8646484375 0.4458333333 0.0113281250 0.0097222222
0 0.8232421875 0.4524305556 0.0105468750 0.0090277778
0 0.8828125000 0.4781250000 0.0273437500 0.0145833333
0 0.7439453125 0.4809027778 0.0113281250 0.0076388889
0 0.8343750000 0.4805555556 0.0109375000 0.0055555556
0 0.8607421875 0.4892361111 0.0292968750 0.0215277778
0 0.5466796875 0.4888888889 0.0074218750 0.0055555556
