0 0.6552734375 0.1975694444 0.0269531250 0.0090277778
0 0.1261718750 0.2027777778 0.0242187500 0.0180555556
0 0.4593750000 0.2006944444 0.0187500000 0.0111111111
0 0.2859375000 0.2020833333 0.0117187500 0.0083333333
0 0.4228515625 0.2034722222 0.0292968750 0.0097222222
0 0.8353515625 0.3611111111 0.0144531250 0.0111111111
0 0.3919921875 0.4187500000 0.0871093750 0.0458333333
0 0.3966796875 0.4059027778 0.0121093750 0.0104166667
0 0.7279296875 0.4225694444 0.0152343750 0.0131944444
0 0.6892578125 0.4284722222 0.0160156250 0.0097222222
0 0.4242187500 0.4444444444 0.0085937500 0.0055555556
0 0.8138671875 0.4684027778 0.1394531250 0.0520833333
0 0.7228515625 0.4618055556 0.0324218750 0.0152777778
0 0.7525390625 0.4621527778 0.0105468750 0.0090277778
0 0.3666015625 0.4711805556 0.0230468750 0.0173611111
0 0.4509765625 0.4743055556 0.0417968750 0.0236111111
0 0.5619140625 0.4711805556 0.0441406250 0.0173611111
0 0.6630859375 0.4680555556 0.0167968750 0.0111111111
0 0.6931640625 0.4767361111 0.0324218750 0.0243055556
0 0.6234375000 0.4763888889 0.0296875000 0.0208333333
0 0.5029296875 0.4802083333 0.0480468750 0.0187500000
0 0.5892578125 0.4798611111 0.0113281250 0.0055555556
