0 0.2082031250 0.1246527778 0.0125000000 0.0090277778
0 0.8480468750 0.2465277778 0.0328125000 0.0194444444
0 0.9025390625 0.2517361111 0.0160156250 0.0131944444
0 0.4224609375 0.3336805556 0.0136718750 0.0118055556
0 0.8109375000 0.3534722222 0.1539062500 0.0472222222
0 0.4638671875 0.3357638889 0.0082031250 0.0062500000
0 0.7173828125 0.3458333333 0.0152343750 0.0083333333
0 0.3632812500 0.3590277778 0.0226562500 0.0194444444
0 0.4496093750 0.3631944444 0.0320312500 0.0236111111
0 0.5623046875 0.3600694444 0.0441406250 0.0159722222
0 0.6564453125 0.3565972222 0.0105468750 0.0062500000
0 0.6980468750 0.3680555556 0.0414062500 0.0208333333
0 0.4964843750 0.3711805556 0.0601562500 0.0215277778
0 0.5337890625 0.3784722222 0.0113281250 0.0041666667
0 0.8632812500 0.3920138889 0.0296875000 0.0187500000
0 0.8560546875 0.4256944444 0.0199218750 0.0125000000
0 0.8402343750 0.4562500000 0.0140625000 0.0083333333
0 0.2869140625 0.4770833333 0.0144531250 0.0125000000
0 0.5457031250 0.4746527778 0.0226562500 0.0076388889
0 0.4685546875 0.4798611111 0.0199218750 0.0097222222
0 0.8648437500 0.4951388889 0.0140625000 0.0097222222
