0 0.2232421875 0.1253472222 0.0222656250 0.0104166667
0 0.2839843750 0.2246527778 0.0125000000 0.0062500000
0 0.2080078125 0.2336805556 0.0082031250 0.0062500000
0 0.8648437500 0.2642361111 0.0554687500 0.0243055556
0 0.6085937500 0.2621527778 0.0265625000 0.0104166667
0 0.6753906250 0.2631944444 0.0140625000 0.0083333333
0 0.4589843750 0.2736111111 0.0304687500 0.0138888889
0 0.2312500000 0.2753472222 0.0250000000 0.0104166667
0 0.3921875000 0.2881944444 0.0929687500 0.0333333333
0 0.5591796875 0.3236111111 0.0160156250 0.0111111111
0 0.2324218750 0.3302083333 0.0125000000 0.0062500000
0 0.7128906250 0.3586805556 0.0898437500 0.0395833333
0 0.5359375000 0.3645833333 0.0921875000 0.0263888889
0 0.6097656250 0.3673611111 0.0414062500 0.0277777778
0 0.8451171875 0.3913194444 0.0199218750 0.0131944444
0 0.8492187500 0.4128472222 0.0171875000 0.0118055556
0 0.8603515625 0.4315972222 0.0285156250 0.0187500000
0 0.1894531250 0.4361111111 0.0125000000 0.0083333333
0 0.8251953125 0.4343750000 0.0074218750 0.0048611111
0 0.8667968750 0.4899305556 0.0273437500 0.0201388889
