0 0.2132812500 0.1225694444 0.0203125000 0.0048611111
0 0.3648437500 0.1222222222 0.0109375000 0.0041666667
0 0.8244140625 0.2354166667 0.0097656250 0.0083333333
0 0.5320312500 0.2437500000 0.0218750000 0.0125000000
0 0.6226562500 0.2413194444 0.0109375000 0.0090277778
0 0.4500000000 0.2472222222 0.1257812500 0.0180555556
0 0.2632812500 0.2420138889 0.0109375000 0.0048611111
0 0.3558593750 0.2520833333 0.0164062500 0.0111111111
0 0.2482421875 0.2527777778 0.0136718750 0.0069444444
0 0.4970703125 0.3177083333 0.0230468750 0.0159722222
0 0.8187500000 0.3322916667 0.0953125000 0.0381944444
0 0.5722656250 0.3204861111 0.0078125000 0.0062500000
0 0.4271484375 0.3291666667 0.0144531250 0.0125000000
0 0.7253906250 0.3322916667 0.0312500000 0.0173611111
0 0.5652343750 0.3357638889 0.0367187500 0.0104166667
0 0.3708984375 0.3416666667 0.0207031250 0.0180555556
0 0.3966796875 0.3375000000 0.0121093750 0.0097222222
0 0.4892578125 0.3510416667 0.0816406250 0.0340277778
0 0.7146484375 0.3562500000 0.0253906250 0.0125000000
0 0.6800781250 0.3600694444 0.0250000000 0.0159722222
0 0.5357421875 0.3600694444 0.0167968750 0.0131944444
0 0.6011718750 0.3597222222 0.0109375000 0.0083333333
0 0.5750000000 0.3642361111 0.0156250000 0.0118055556
0 0.6355468750 0.3625000000 0.0187500000 0.0097222222
0 0.7757812500 0.3767361111 0.0195312500 0.0173611111
0 0.8218750000 0.4284722222 0.0125000000 0.0097222222
0 0.8472656250 0.4281250000 0.0125000000 0.0104166667
0 0.8945312500 0.4305555556 0.0234375000 0.0152777778
0 0.8853515625 0.4552083333 0.0136718750 0.0104166667
0 0.7873046875 0.4854166667 0.0167968750 0.0138888889
0 0.6636718750 0.4954861111 0.0156250000 0.0090277778
