0 0.8501953125 0.2895833333 0.0238281250 0.0152777778
0 0.5326171875 0.2972222222 0.0074218750 0.0055555556
0 0.4437500000 0.3006944444 0.0515625000 0.0111111111
0 0.5041015625 0.2982638889 0.0253906250 0.0062500000
0 0.3826171875 0.3034722222 0.0207031250 0.0083333333
0 0.2517578125 0.3079861111 0.0113281250 0.0048611111
0 0.9138671875 0.3149305556 0.0121093750 0.0090277778
0 0.2402343750 0.3159722222 0.0093750000 0.0055555556
0 0.6410156250 0.3451388889 0.0085937500 0.0069444444
0 0.3597656250 0.3600694444 0.0289062500 0.0215277778
0 0.8046875000 0.3690972222 0.0093750000 0.0062500000
0 0.7796875000 0.3986111111 0.1210937500 0.0500000000
0 0.4144531250 0.3829861111 0.0289062500 0.0159722222
0 0.8607421875 0.3902777778 0.0386718750 0.0319444444
0 0.3783203125 0.3843750000 0.0269531250 0.0173611111
0 0.5197265625 0.3909722222 0.0253906250 0.0111111111
0 0.5994140625 0.4003472222 0.0300781250 0.0173611111
0 0.4841796875 0.4145833333 0.1683593750 0.0402777778
0 0.6457031250 0.3975694444 0.0179687500 0.0076388889
0 0.6496093750 0.4149305556 0.0976562500 0.0312500000
0 0.2394531250 0.4093750000 0.0164062500 0.0145833333
0 0.4957031250 0.4225694444 0.0195312500 0.0062500000
0 0.8503906250 0.4409722222 0.0109375000 0.0055555556
0 0.2636718750 0.4545138889 0.0101562500 0.0076388889
0 0.4648437500 0.4628472222 0.0085937500 0.0076388889
0 0.8738281250 0.4635416667 0.0140625000 0.0090277778
0 0.8119140625 0.4638888889 0.0074218750 0.0055555556
0 0.8373046875 0.4715277778 0.0347656250 0.0166666667
0 0.8771484375 0.4729166667 0.0097656250 0.0055555556
0 0.8533203125 0.4805555556 0.0113281250 0.0069444444
