0 0.8435546875 0.1479166667 0.0621093750 0.0166666667
0 0.2046875000 0.1572916667 0.0656250000 0.0312500000
0 0.3833984375 0.1538194444 0.0230468750 0.0118055556
0 0.6097656250 0.1541666667 0.0187500000 0.0083333333
0 0.6339843750 0.1531250000 0.0132812500 0.0048611111
0 0.4791015625 0.1572916667 0.0105468750 0.0062500000
0 0.5806640625 0.1559027778 0.0136718750 0.0048611111
0 0.5275390625 0.3458333333 0.0269531250 0.0097222222
0 0.5929687500 0.3465277778 0.0195312500 0.0083333333
0 0.3082031250 0.3531250000 0.0554687500 0.0173611111
0 0.8923828125 0.3486111111 0.0199218750 0.0097222222
0 0.3978515625 0.3531250000 0.0121093750 0.0062500000
0 0.4255859375 0.3520833333 0.0105468750 0.0055555556
0 0.2546875000 0.3652777778 0.0210937500 0.0152777778
0 0.5669921875 0.3822916667 0.0089843750 0.0076388889
0 0.7105468750 0.3920138889 0.0421875000 0.0256944444
0 0.6251953125 0.3916666667 0.0191406250 0.0152777778
0 0.3857421875 0.3961805556 0.0410156250 0.0201388889
0 0.4296875000 0.3968750000 0.0234375000 0.0187500000
0 0.5164062500 0.3993055556 0.0343750000 0.0208333333
0 0.4767578125 0.4184027778 0.0230468750 0.0145833333
0 0.8554687500 0.4187500000 0.0132812500 0.0097222222
0 0.5591796875 0.4187500000 0.0097656250 0.0083333333
0 0.6220703125 0.4350694444 0.0277343750 0.0215277778
0 0.7169921875 0.4343750000 0.0191406250 0.0145833333
0 0.8099609375 0.4479166667 0.0871093750 0.0361111111
0 0.4468750000 0.4343750000 0.0078125000 0.0062500000
0 0.6648437500 0.4451388889 0.0468750000 0.0250000000
0 0.5304687500 0.4416666667 0.0281250000 0.0097222222
0 0.5669921875 0.4559027778 0.0707031250 0.0368055556
0 0.4292968750 0.4527777778 0.1054687500 0.0236111111
0 0.7093750000 0.4541666667 0.0320312500 0.0180555556
0 0.8792968750 0.4642361111 0.0437500000 0.0284722222
0 0.6486328125 0.4614583333 0.0832031250 0.0215277778
0 0.5074218750 0.4638888889 0.0296875000 0.0166666667
0 0.7273437500 0.4631944444 0.0109375000 0.0055555556
