0 0.1347656250 0.1555555556 0.0289062500 0.0236111111
0 0.0939453125 0.1510416667 0.0191406250 0.0104166667
0 0.5318359375 0.1506944444 0.0253906250 0.0111111111
0 0.5652343750 0.1496527778 0.0242187500 0.0090277778
0 0.2511718750 0.1555555556 0.0578125000 0.0180555556
0 0.4458984375 0.1503472222 0.0167968750 0.0076388889
0 0.3937500000 0.1520833333 0.0164062500 0.0069444444
0 0.4902343750 0.1524305556 0.0148437500 0.0090277778
0 0.3431640625 0.1559027778 0.0261718750 0.0118055556
0 0.3052734375 0.1583333333 0.0277343750 0.0152777778
0 0.8466796875 0.3329861111 0.0230468750 0.0159722222
0 0.4904296875 0.3486111111 0.0144531250 0.0069444444
0 0.4146484375 0.3513888889 0.0136718750 0.0083333333
0 0.5117187500 0.3496527778 0.0085937500 0.0062500000
0 0.2822265625 0.3572916667 0.0160156250 0.0131944444
0 0.2548828125 0.3652777778 0.0207031250 0.0152777778
0 0.8619140625 0.4381944444 0.0761718750 0.0458333333
0 0.7835937500 0.4413194444 0.0601562500 0.0451388889
0 0.3458984375 0.4440972222 0.0371093750 0.0215277778
0 0.4414062500 0.4527777778 0.0554687500 0.0319444444
0 0.5589843750 0.4468750000 0.0203125000 0.0145833333
0 0.2408203125 0.4520833333 0.0160156250 0.0097222222
0 0.5031250000 0.4600694444 0.0242187500 0.0215277778
0 0.6560546875 0.4673611111 0.1316406250 0.0277777778
0 0.5382812500 0.4656250000 0.0257812500 0.0145833333
0 0.5750000000 0.4708333333 0.0210937500 0.0111111111
0 0.8757812500 0.4833333333 0.0109375000 0.0097222222
