0 0.8792968750 0.2777777778 0.0164062500 0.0041666667
0 0.2835937500 0.2975694444 0.0992187500 0.0326388889
0 0.4466796875 0.2916666667 0.0324218750 0.0152777778
0 0.8164062500 0.3239583333 0.0468750000 0.0368055556
0 0.9136718750 0.3263888889 0.0125000000 0.0111111111
0 0.4750000000 0.3482638889 0.0070312500 0.0062500000
0 0.7820312500 0.3732638889 0.0453125000 0.0312500000
0 0.6966796875 0.3677083333 0.0167968750 0.0048611111
0 0.4412109375 0.3746527778 0.0308593750 0.0159722222
0 0.5080078125 0.3743055556 0.0214843750 0.0166666667
0 0.7003906250 0.3774305556 0.0296875000 0.0145833333
0 0.6279296875 0.3812500000 0.0472656250 0.0152777778
0 0.8232421875 0.3864583333 0.0324218750 0.0243055556
0 0.5626953125 0.3822916667 0.0136718750 0.0104166667
0 0.8705078125 0.3854166667 0.0097656250 0.0055555556
0 0.4742187500 0.3947916667 0.0210937500 0.0159722222
0 0.8478515625 0.4125000000 0.0167968750 0.0097222222
0 0.8662109375 0.4190972222 0.0089843750 0.0076388889
0 0.8414062500 0.4496527778 0.0171875000 0.0118055556
