0 0.2558593750 0.1454861111 0.0085937500 0.0062500000
0 0.8974609375 0.3440972222 0.0230468750 0.0131944444
0 0.6000000000 0.3496527778 0.0210937500 0.0131944444
0 0.3300781250 0.3489583333 0.0101562500 0.0076388889
0 0.2837890625 0.3565972222 0.0527343750 0.0159722222
0 0.2408203125 0.3684027778 0.0097656250 0.0076388889
0 0.4496093750 0.4138888889 0.0226562500 0.0194444444
0 0.6269531250 0.4159722222 0.0101562500 0.0083333333
0 0.7408203125 0.4347222222 0.0699218750 0.0388888889
0 0.6078125000 0.4312500000 0.0304687500 0.0125000000
0 0.6496093750 0.4298611111 0.0109375000 0.0083333333
0 0.5671875000 0.4378472222 0.0257812500 0.0215277778
0 0.6966796875 0.4350694444 0.0082031250 0.0062500000
0 0.6343750000 0.4395833333 0.0148437500 0.0097222222
0 0.6685546875 0.4385416667 0.0082031250 0.0062500000
0 0.8878906250 0.4625000000 0.0195312500 0.0083333333
0 0.8900390625 0.4965277778 0.0113281250 0.0069444444
