0 0.2111328125 0.1250000000 0.0292968750 0.0097222222
0 0.8478515625 0.2364583333 0.0480468750 0.0187500000
0 0.2960937500 0.2486111111 0.0250000000 0.0152777778
0 0.4765625000 0.2527777778 0.0507812500 0.0097222222
0 0.4078125000 0.2559027778 0.0351562500 0.0131944444
0 0.2345703125 0.2555555556 0.0128906250 0.0097222222
0 0.2429687500 0.2677083333 0.0617187500 0.0326388889
0 0.3650390625 0.2572916667 0.0105468750 0.0062500000
0 0.7339843750 0.3329861111 0.0328125000 0.0256944444
0 0.7625000000 0.3288194444 0.0070312500 0.0062500000
0 0.3300781250 0.3465277778 0.0367187500 0.0208333333
0 0.5542968750 0.3500000000 0.0382812500 0.0180555556
0 0.4646484375 0.3510416667 0.0097656250 0.0076388889
0 0.4916015625 0.3538194444 0.0152343750 0.0118055556
0 0.6917968750 0.3552083333 0.0164062500 0.0090277778
0 0.3980468750 0.3611111111 0.0343750000 0.0180555556
0 0.4728515625 0.3614583333 0.0113281250 0.0076388889
0 0.5253906250 0.3666666667 0.0234375000 0.0097222222
0 0.6457031250 0.3694444444 0.0156250000 0.0083333333
0 0.8617187500 0.3871527778 0.0242187500 0.0118055556
0 0.2726562500 0.3892361111 0.0109375000 0.0076388889
0 0.8919921875 0.4385416667 0.0136718750 0.0090277778
0 0.8371093750 0.4451388889 0.0218750000 0.0083333333
0 0.8810546875 0.4503472222 0.0199218750 0.0145833333
0 0.8548828125 0.4524305556 0.0105468750 0.0048611111
0 0.2843750000 0.4645833333 0.0218750000 0.0180555556
0 0.4613281250 0.4694444444 0.0210937500 0.0097222222
0 0.8550781250 0.4861111111 0.0195312500 0.0138888889
0 0.8050781250 0.4864583333 0.0171875000 0.0062500000
