0 0.4498046875 0.3420138889 0.0839843750 0.0215277778
0 0.3875000000 0.3628472222 0.0117187500 0.0076388889
0 0.9089843750 0.3697916667 0.0078125000 0.0048611111
0 0.7193359375 0.4104166667 0.0183593750 0.0125000000
0 0.6580078125 0.4319444444 0.0160156250 0.0138888889
0 0.7753906250 0.4579861111 0.0210937500 0.0076388889
0 0.4962890625 0.4739583333 0.0089843750 0.0048611111
0 0.8136718750 0.4756944444 0.0101562500 0.0055555556
0 0.4373046875 0.4791666667 0.0136718750 0.0055555556
0 0.8847656250 0.4906250000 0.0117187500 0.0076388889
