0 0.9021484375 0.2173611111 0.0355468750 0.0250000000
0 0.8238281250 0.2177083333 0.0242187500 0.0131944444
0 0.7644531250 0.2208333333 0.0117187500 0.0097222222
0 0.2921875000 0.2284722222 0.0171875000 0.0125000000
0 0.2371093750 0.2368055556 0.0335937500 0.0263888889
0 0.2673828125 0.2277777778 0.0136718750 0.0097222222
0 0.8294921875 0.3798611111 0.0753906250 0.0263888889
0 0.7386718750 0.3895833333 0.0125000000 0.0097222222
0 0.6179687500 0.3913194444 0.0343750000 0.0090277778
0 0.6800781250 0.3909722222 0.0148437500 0.0069444444
0 0.5716796875 0.3954861111 0.0386718750 0.0131944444
0 0.4488281250 0.3982638889 0.0890625000 0.0159722222
0 0.5148437500 0.3947916667 0.0234375000 0.0104166667
0 0.3818359375 0.4020833333 0.0160156250 0.0111111111
0 0.2361328125 0.4055555556 0.0152343750 0.0111111111
0 0.3539062500 0.4045138889 0.0109375000 0.0076388889
0 0.5359375000 0.4170138889 0.0109375000 0.0076388889
0 0.8355468750 0.4375000000 0.0359375000 0.0263888889
0 0.3941406250 0.4489583333 0.0523437500 0.0451388889
0 0.4390625000 0.4395833333 0.0281250000 0.0236111111
0 0.4751953125 0.4520833333 0.0207031250 0.0180555556
0 0.5394531250 0.4631944444 0.0140625000 0.0083333333
0 0.3708984375 0.4819444444 0.0542968750 0.0361111111
0 0.4519531250 0.4680555556 0.0070312500 0.0055555556
0 0.5056640625 0.4836805556 0.0488281250 0.0284722222
0 0.7064453125 0.4847222222 0.0894531250 0.0305555556
0 0.5802734375 0.4767361111 0.0152343750 0.0118055556
0 0.7890625000 0.4826388889 0.0234375000 0.0194444444
0 0.4527343750 0.4788194444 0.0156250000 0.0090277778
0 0.4216796875 0.4902777778 0.0394531250 0.0194444444
0 0.5527343750 0.4902777778 0.0664062500 0.0194444444
0 0.6193359375 0.4909722222 0.0402343750 0.0180555556
