0 0.8808593750 0.3086805556 0.0781250000 0.0243055556
0 0.5683593750 0.3114583333 0.0226562500 0.0104166667
0 0.2677734375 0.3277777778 0.1160156250 0.0333333333
0 0.8597656250 0.3875000000 0.1203125000 0.0666666667
0 0.7859375000 0.3871527778 0.0437500000 0.0215277778
0 0.3669921875 0.3899305556 0.0503906250 0.0187500000
0 0.6996093750 0.3909722222 0.0148437500 0.0125000000
0 0.4613281250 0.3968750000 0.0648437500 0.0215277778
0 0.6658203125 0.3968750000 0.0207031250 0.0159722222
0 0.5376953125 0.3934027778 0.0160156250 0.0062500000
0 0.5162109375 0.3979166667 0.0175781250 0.0097222222
0 0.3335937500 0.4086805556 0.0132812500 0.0118055556
0 0.7283203125 0.4194444444 0.0183593750 0.0138888889
0 0.4972656250 0.4236111111 0.0382812500 0.0152777778
0 0.8193359375 0.4246527778 0.0261718750 0.0131944444
0 0.4486328125 0.4277777778 0.0214843750 0.0166666667
0 0.7537109375 0.4260416667 0.0074218750 0.0062500000
0 0.2572265625 0.4281250000 0.0113281250 0.0076388889
0 0.5693359375 0.4298611111 0.0167968750 0.0083333333
0 0.6125000000 0.4461805556 0.0148437500 0.0131944444
0 0.4882812500 0.4739583333 0.0242187500 0.0076388889
0 0.8691406250 0.4920138889 0.0203125000 0.0159722222
0 0.8322265625 0.4930555556 0.0253906250 0.0055555556
