0 0.8640625000 0.3284722222 0.0968750000 0.0222222222
0 0.2796875000 0.3468750000 0.0960937500 0.0381944444
0 0.4541015625 0.3399305556 0.0222656250 0.0187500000
0 0.4884765625 0.3371527778 0.0238281250 0.0104166667
0 0.4085937500 0.3472222222 0.0132812500 0.0111111111
0 0.7144531250 0.3670138889 0.0710937500 0.0395833333
0 0.4738281250 0.3569444444 0.0164062500 0.0138888889
0 0.5230468750 0.3673611111 0.0367187500 0.0263888889
0 0.8029296875 0.3628472222 0.0246093750 0.0159722222
0 0.4224609375 0.3736111111 0.0152343750 0.0097222222
0 0.6599609375 0.3822916667 0.0214843750 0.0187500000
0 0.8171875000 0.3815972222 0.0125000000 0.0090277778
0 0.6324218750 0.3934027778 0.0101562500 0.0076388889
0 0.6988281250 0.4072916667 0.0390625000 0.0256944444
0 0.4933593750 0.4045138889 0.0140625000 0.0090277778
0 0.8033203125 0.4086805556 0.0199218750 0.0145833333
0 0.7568359375 0.4135416667 0.0074218750 0.0062500000
0 0.5470703125 0.4163194444 0.0175781250 0.0076388889
0 0.6144531250 0.4246527778 0.0375000000 0.0243055556
0 0.6687500000 0.4229166667 0.0320312500 0.0166666667
0 0.4347656250 0.4315972222 0.0273437500 0.0131944444
0 0.5003906250 0.4343750000 0.0679687500 0.0201388889
0 0.2208984375 0.4388888889 0.0113281250 0.0083333333
0 0.7533203125 0.4437500000 0.0144531250 0.0125000000
0 0.6724609375 0.4562500000 0.0660156250 0.0291666667
0 0.5910156250 0.4572916667 0.0570312500 0.0298611111
0 0.2865234375 0.4562500000 0.0113281250 0.0055555556
0 0.8671875000 0.4631944444 0.0140625000 0.0111111111
0 0.4625000000 0.4756944444 0.0429687500 0.0111111111
0 0.8986328125 0.4944444444 0.0152343750 0.0111111111
0 0.2181640625 0.4958333333 0.0152343750 0.0083333333
