0 0.1316406250 0.1267361111 0.0093750000 0.0062500000
0 0.8707031250 0.3194444444 0.0601562500 0.0180555556
0 0.5281250000 0.3288194444 0.0093750000 0.0076388889
0 0.2890625000 0.3447916667 0.1062500000 0.0340277778
0 0.4373046875 0.3357638889 0.0816406250 0.0159722222
0 0.5904296875 0.3333333333 0.0167968750 0.0069444444
0 0.3724609375 0.3392361111 0.0253906250 0.0159722222
0 0.8451171875 0.3739583333 0.0238281250 0.0159722222
0 0.7982421875 0.4250000000 0.1324218750 0.0597222222
0 0.5171875000 0.4347222222 0.1351562500 0.0694444444
0 0.3714843750 0.4079861111 0.0226562500 0.0118055556
0 0.5750000000 0.4097222222 0.0070312500 0.0055555556
0 0.4742187500 0.4135416667 0.0132812500 0.0118055556
0 0.7005859375 0.4145833333 0.0167968750 0.0083333333
0 0.4349609375 0.4222222222 0.0464843750 0.0194444444
0 0.2480468750 0.4204861111 0.0093750000 0.0076388889
0 0.6351562500 0.4347222222 0.0585937500 0.0305555556
0 0.5644531250 0.4281250000 0.0273437500 0.0159722222
0 0.7937500000 0.4357638889 0.0164062500 0.0090277778
0 0.8650390625 0.4670138889 0.0113281250 0.0090277778
0 0.4523437500 0.4777777778 0.0179687500 0.0083333333
0 0.8751953125 0.4913194444 0.0511718750 0.0173611111
