0 0.9060546875 0.1565972222 0.0277343750 0.0201388889
0 0.0890625000 0.1677083333 0.0179687500 0.0159722222
0 0.1648437500 0.1628472222 0.0085937500 0.0076388889
0 0.6357421875 0.1645833333 0.0113281250 0.0055555556
0 0.2326171875 0.1694444444 0.0207031250 0.0097222222
0 0.6029296875 0.3562500000 0.0183593750 0.0083333333
0 0.4619140625 0.3645833333 0.0261718750 0.0138888889
0 0.4107421875 0.3746527778 0.0667968750 0.0187500000
0 0.5601562500 0.4180555556 0.0117187500 0.0069444444
0 0.7330078125 0.4461805556 0.0324218750 0.0256944444
0 0.5667968750 0.4586805556 0.1273437500 0.0326388889
0 0.6833984375 0.4565972222 0.0472656250 0.0270833333
0 0.6486328125 0.4774305556 0.0160156250 0.0131944444
0 0.9146484375 0.4871527778 0.0105468750 0.0090277778
