0 0.2423828125 0.1256944444 0.0753906250 0.0111111111
0 0.3076171875 0.1250000000 0.0167968750 0.0097222222
0 0.2636718750 0.1899305556 0.0132812500 0.0118055556
0 0.4585937500 0.2638888889 0.0671875000 0.0222222222
0 0.2488281250 0.2621527778 0.0171875000 0.0062500000
0 0.1937500000 0.2986111111 0.0140625000 0.0069444444
0 0.8757812500 0.3118055556 0.0109375000 0.0083333333
0 0.6652343750 0.3218750000 0.0187500000 0.0090277778
0 0.7218750000 0.3333333333 0.0171875000 0.0125000000
0 0.7683593750 0.3409722222 0.0296875000 0.0236111111
0 0.6599609375 0.3562500000 0.0175781250 0.0111111111
0 0.8673828125 0.3576388889 0.0277343750 0.0111111111
0 0.7814453125 0.3833333333 0.0292968750 0.0138888889
0 0.2232421875 0.4111111111 0.0121093750 0.0083333333
0 0.8851562500 0.4378472222 0.0437500000 0.0312500000
0 0.8224609375 0.4364583333 0.0128906250 0.0090277778
0 0.8861328125 0.4628472222 0.0152343750 0.0104166667
0 0.4894531250 0.4711805556 0.0210937500 0.0090277778
0 0.5468750000 0.4722222222 0.0093750000 0.0083333333
0 0.7533203125 0.4805555556 0.0089843750 0.0041666667
0 0.8816406250 0.4913194444 0.0234375000 0.0104166667
