0 0.8738281250 0.3111111111 0.0921875000 0.0236111111
0 0.3035156250 0.3173611111 0.0250000000 0.0152777778
0 0.3205078125 0.3295138889 0.0082031250 0.0048611111
0 0.2878906250 0.3315972222 0.0109375000 0.0048611111
0 0.5417968750 0.3687500000 0.0093750000 0.0055555556
0 0.7951171875 0.4159722222 0.0542968750 0.0291666667
0 0.5626953125 0.4170138889 0.0449218750 0.0187500000
0 0.4546875000 0.4229166667 0.0328125000 0.0180555556
0 0.7009765625 0.4243055556 0.0316406250 0.0194444444
0 0.4935546875 0.4281250000 0.0285156250 0.0215277778
0 0.6240234375 0.4239583333 0.0089843750 0.0062500000
0 0.6271484375 0.4364583333 0.0074218750 0.0062500000
0 0.1695312500 0.4413194444 0.0210937500 0.0131944444
0 0.8605468750 0.4513888889 0.0304687500 0.0111111111
0 0.2728515625 0.4614583333 0.0285156250 0.0145833333
0 0.4576171875 0.4579861111 0.0113281250 0.0062500000
0 0.4818359375 0.4645833333 0.0191406250 0.0152777778
0 0.2214843750 0.4673611111 0.0132812500 0.0111111111
0 0.3689453125 0.4670138889 0.0105468750 0.0076388889
0 0.5740234375 0.4774305556 0.0121093750 0.0104166667
0 0.8835937500 0.4861111111 0.0101562500 0.0083333333
0 0.9039062500 0.4972222222 0.0085937500 0.0055555556
