0 0.8312500000 0.3135416667 0.0687500000 0.0229166667
0 0.4167968750 0.3284722222 0.0343750000 0.0083333333
0 0.2300781250 0.3347222222 0.0187500000 0.0166666667
0 0.8421875000 0.3704861111 0.0234375000 0.0187500000
0 0.4119140625 0.3972222222 0.0191406250 0.0111111111
0 0.7794921875 0.4170138889 0.1300781250 0.0368055556
0 0.8562500000 0.4052083333 0.0125000000 0.0104166667
0 0.4480468750 0.4104166667 0.0109375000 0.0083333333
0 0.5179687500 0.4111111111 0.0179687500 0.0069444444
0 0.4908203125 0.4218750000 0.0238281250 0.0145833333
0 0.5343750000 0.4250000000 0.0398437500 0.0166666667
0 0.6880859375 0.4225694444 0.0277343750 0.0131944444
0 0.3703125000 0.4253472222 0.0218750000 0.0159722222
0 0.5656250000 0.4232638889 0.0101562500 0.0076388889
0 0.2453125000 0.4253472222 0.0109375000 0.0090277778
0 0.4275390625 0.4288194444 0.0214843750 0.0173611111
0 0.7394531250 0.4333333333 0.0132812500 0.0083333333
0 0.6822265625 0.4354166667 0.0128906250 0.0083333333
0 0.6408203125 0.4420138889 0.0339843750 0.0173611111
0 0.4070312500 0.4392361111 0.0179687500 0.0090277778
0 0.4716796875 0.4454861111 0.0371093750 0.0145833333
0 0.6792968750 0.4465277778 0.0226562500 0.0097222222
0 0.6046875000 0.4482638889 0.0164062500 0.0090277778
0 0.6392578125 0.4659722222 0.0277343750 0.0166666667
0 0.9097656250 0.4600694444 0.0109375000 0.0048611111
0 0.2472656250 0.4666666667 0.0093750000 0.0069444444
0 0.2933593750 0.4663194444 0.0085937500 0.0048611111
0 0.8464843750 0.4940972222 0.0179687500 0.0118055556
