0 0.8634765625 0.3201388889 0.0550781250 0.0236111111
0 0.3921875000 0.3298611111 0.0304687500 0.0125000000
0 0.4400390625 0.3302083333 0.0207031250 0.0104166667
0 0.2433593750 0.3406250000 0.0343750000 0.0201388889
0 0.7542968750 0.3593750000 0.0164062500 0.0131944444
0 0.8376953125 0.4076388889 0.1246093750 0.0472222222
0 0.8689453125 0.3923611111 0.0113281250 0.0055555556
0 0.5962890625 0.3944444444 0.0089843750 0.0055555556
0 0.6148437500 0.4034722222 0.0234375000 0.0152777778
0 0.4402343750 0.4114583333 0.0835937500 0.0256944444
0 0.7232421875 0.4159722222 0.0800781250 0.0361111111
0 0.3839843750 0.4045138889 0.0078125000 0.0048611111
0 0.6642578125 0.4052083333 0.0082031250 0.0062500000
0 0.3525390625 0.4079861111 0.0199218750 0.0090277778
0 0.5160156250 0.4090277778 0.0226562500 0.0111111111
0 0.3222656250 0.4111111111 0.0179687500 0.0125000000
0 0.6699218750 0.4177083333 0.0375000000 0.0243055556
0 0.3832031250 0.4218750000 0.0335937500 0.0270833333
0 0.5490234375 0.4329861111 0.0433593750 0.0187500000
0 0.4986328125 0.4329861111 0.0191406250 0.0131944444
0 0.5253906250 0.4534722222 0.1289062500 0.0500000000
0 0.7826171875 0.4343750000 0.0082031250 0.0062500000
0 0.6578125000 0.4406250000 0.0171875000 0.0090277778
0 0.7189453125 0.4416666667 0.0191406250 0.0097222222
0 0.4013671875 0.4423611111 0.0152343750 0.0069444444
0 0.6593750000 0.4576388889 0.1000000000 0.0263888889
0 0.4132812500 0.4527777778 0.0078125000 0.0055555556
0 0.8482421875 0.4777777778 0.0222656250 0.0069444444
