0 0.8525390625 0.2447916667 0.0316406250 0.0131944444
0 0.5302734375 0.2565972222 0.0089843750 0.0048611111
0 0.2345703125 0.2781250000 0.0246093750 0.0215277778
0 0.4462890625 0.3135416667 0.0152343750 0.0062500000
0 0.4132812500 0.3302083333 0.0125000000 0.0104166667
0 0.8683593750 0.3347222222 0.0156250000 0.0083333333
0 0.8037109375 0.3517361111 0.1230468750 0.0381944444
0 0.8818359375 0.3524305556 0.0175781250 0.0145833333
0 0.5558593750 0.3541666667 0.0453125000 0.0152777778
0 0.6884765625 0.3625000000 0.0464843750 0.0194444444
0 0.4900390625 0.3666666667 0.0589843750 0.0236111111
0 0.2253906250 0.3611111111 0.0101562500 0.0083333333
0 0.5339843750 0.3708333333 0.0109375000 0.0083333333
0 0.8607421875 0.3902777778 0.0222656250 0.0138888889
0 0.8494140625 0.4225694444 0.0199218750 0.0118055556
0 0.8896484375 0.4208333333 0.0113281250 0.0083333333
0 0.5392578125 0.4690972222 0.0230468750 0.0090277778
0 0.4613281250 0.4763888889 0.0226562500 0.0125000000
0 0.7738281250 0.4934027778 0.0125000000 0.0090277778
0 0.7449218750 0.4937500000 0.0085937500 0.0055555556
