0 0.2646484375 0.2003472222 0.0128906250 0.0090277778
0 0.8308593750 0.2496527778 0.0179687500 0.0145833333
0 0.2687500000 0.2631944444 0.0156250000 0.0083333333
0 0.2478515625 0.2902777778 0.0316406250 0.0222222222
0 0.8591796875 0.3017361111 0.0121093750 0.0104166667
0 0.4875000000 0.3326388889 0.0085937500 0.0069444444
0 0.7556640625 0.3354166667 0.0167968750 0.0138888889
0 0.8062500000 0.3451388889 0.0640625000 0.0333333333
0 0.8625000000 0.3451388889 0.0257812500 0.0208333333
0 0.5591796875 0.3597222222 0.0277343750 0.0138888889
0 0.5185546875 0.3746527778 0.0253906250 0.0159722222
0 0.8835937500 0.4211805556 0.0234375000 0.0145833333
0 0.8556640625 0.4340277778 0.0339843750 0.0236111111
0 0.8167968750 0.4461805556 0.0335937500 0.0145833333
0 0.8496093750 0.4472222222 0.0125000000 0.0097222222
0 0.5242187500 0.4625000000 0.0164062500 0.0097222222
0 0.8859375000 0.4736111111 0.0250000000 0.0152777778
0 0.8595703125 0.4868055556 0.0355468750 0.0263888889
