0 0.2416015625 0.1250000000 0.0199218750 0.0097222222
0 0.3144531250 0.1239583333 0.0250000000 0.0076388889
0 0.2380859375 0.2225694444 0.0097656250 0.0062500000
0 0.9041015625 0.2454861111 0.0316406250 0.0256944444
0 0.3027343750 0.2552083333 0.1000000000 0.0340277778
0 0.4695312500 0.2538194444 0.0203125000 0.0104166667
0 0.4416015625 0.2638888889 0.0230468750 0.0152777778
0 0.3884765625 0.2729166667 0.0332031250 0.0097222222
0 0.8755859375 0.3236111111 0.0152343750 0.0069444444
0 0.9119140625 0.3371527778 0.0160156250 0.0131944444
0 0.8783203125 0.3850694444 0.0144531250 0.0118055556
0 0.8300781250 0.4253472222 0.0132812500 0.0090277778
0 0.8855468750 0.4631944444 0.0093750000 0.0083333333
0 0.9029296875 0.4850694444 0.0339843750 0.0298611111
