0 0.8294921875 0.3260416667 0.0136718750 0.0118055556
0 0.5312500000 0.3364583333 0.0171875000 0.0062500000
0 0.4654296875 0.3392361111 0.0371093750 0.0076388889
0 0.4105468750 0.3423611111 0.0343750000 0.0111111111
0 0.4978515625 0.3395833333 0.0097656250 0.0055555556
0 0.2531250000 0.3541666667 0.0429687500 0.0250000000
0 0.3687500000 0.3444444444 0.0093750000 0.0069444444
0 0.8650390625 0.4229166667 0.0410156250 0.0347222222
0 0.7326171875 0.4138888889 0.0324218750 0.0138888889
0 0.3347656250 0.4333333333 0.0343750000 0.0208333333
0 0.5558593750 0.4368055556 0.0382812500 0.0166666667
0 0.4939453125 0.4388888889 0.0144531250 0.0125000000
0 0.6144531250 0.4395833333 0.0187500000 0.0138888889
0 0.6482421875 0.4364583333 0.0128906250 0.0062500000
0 0.6923828125 0.4395833333 0.0191406250 0.0138888889
0 0.4054687500 0.4465277778 0.0453125000 0.0250000000
0 0.4667968750 0.4385416667 0.0109375000 0.0090277778
0 0.7449218750 0.4388888889 0.0148437500 0.0069444444
0 0.2302734375 0.4420138889 0.0121093750 0.0104166667
0 0.5867187500 0.4503472222 0.0210937500 0.0131944444
0 0.6625000000 0.4576388889 0.0304687500 0.0152777778
0 0.5267578125 0.4545138889 0.0207031250 0.0076388889
0 0.6214843750 0.4621527778 0.0390625000 0.0131944444
0 0.8591796875 0.4746527778 0.0238281250 0.0118055556
0 0.2742187500 0.4760416667 0.0164062500 0.0076388889
