0 0.1269531250 0.1701388889 0.0171875000 0.0111111111
0 0.6255859375 0.3552083333 0.0097656250 0.0076388889
0 0.4947265625 0.4277777778 0.0253906250 0.0083333333
0 0.7208984375 0.4496527778 0.0769531250 0.0520833333
0 0.8195312500 0.4437500000 0.0945312500 0.0347222222
0 0.8687500000 0.4482638889 0.0398437500 0.0354166667
0 0.4312500000 0.4454861111 0.0210937500 0.0145833333
0 0.4011718750 0.4503472222 0.0195312500 0.0159722222
0 0.4529296875 0.4569444444 0.0308593750 0.0236111111
0 0.5660156250 0.4527777778 0.0562500000 0.0138888889
0 0.4847656250 0.4621527778 0.0382812500 0.0270833333
0 0.5195312500 0.4690972222 0.0453125000 0.0229166667
