0 0.9041015625 0.2437500000 0.0316406250 0.0263888889
0 0.5154296875 0.2572916667 0.7144531250 0.0451388889
0 0.8515625000 0.3968750000 0.0625000000 0.0215277778
0 0.9003906250 0.3961805556 0.0257812500 0.0201388889
0 0.7894531250 0.4010416667 0.0117187500 0.0090277778
0 0.6064453125 0.4100694444 0.0597656250 0.0187500000
0 0.6783203125 0.4062500000 0.0292968750 0.0083333333
0 0.4734375000 0.4118055556 0.0843750000 0.0152777778
0 0.5466796875 0.4121527778 0.0324218750 0.0159722222
0 0.4109375000 0.4156250000 0.0210937500 0.0076388889
0 0.3695312500 0.4180555556 0.0156250000 0.0097222222
0 0.2513671875 0.4277777778 0.0386718750 0.0263888889
0 0.8546875000 0.4555555556 0.0562500000 0.0250000000
0 0.4765625000 0.4625000000 0.0328125000 0.0208333333
0 0.4291015625 0.4746527778 0.0222656250 0.0173611111
0 0.6160156250 0.4722222222 0.0140625000 0.0097222222
0 0.7804687500 0.4857638889 0.0617187500 0.0284722222
0 0.5005859375 0.4829861111 0.0324218750 0.0159722222
0 0.2535156250 0.4913194444 0.0343750000 0.0173611111
0 0.6451171875 0.4927083333 0.0246093750 0.0145833333
0 0.4714843750 0.4913194444 0.0078125000 0.0062500000
0 0.6853515625 0.4940972222 0.0074218750 0.0062500000
0 0.7337890625 0.4954861111 0.0136718750 0.0090277778
0 0.8291015625 0.4958333333 0.0152343750 0.0083333333
0 0.8824218750 0.4961805556 0.0117187500 0.0076388889
0 0.4396484375 0.4979166667 0.0089843750 0.0041666667
