0 0.5171875000 0.3302083333 0.0351562500 0.0104166667
0 0.8873046875 0.3312500000 0.0386718750 0.0138888889
0 0.6322265625 0.3329861111 0.0222656250 0.0118055556
0 0.6685546875 0.3305555556 0.0121093750 0.0055555556
0 0.4646484375 0.3333333333 0.0144531250 0.0083333333
0 0.5875000000 0.3336805556 0.0304687500 0.0104166667
0 0.2792968750 0.3496527778 0.0992187500 0.0368055556
0 0.4169921875 0.3409722222 0.0800781250 0.0152777778
0 0.3546875000 0.3503472222 0.0218750000 0.0118055556
0 0.4726562500 0.3677083333 0.1195312500 0.0298611111
0 0.7962890625 0.3746527778 0.0410156250 0.0340277778
0 0.8330078125 0.3798611111 0.0285156250 0.0222222222
0 0.7574218750 0.3916666667 0.0101562500 0.0083333333
0 0.5478515625 0.4125000000 0.0300781250 0.0180555556
0 0.6990234375 0.4079861111 0.0152343750 0.0076388889
0 0.7861328125 0.4253472222 0.0699218750 0.0423611111
0 0.4810546875 0.4083333333 0.0121093750 0.0055555556
0 0.4269531250 0.4211805556 0.0898437500 0.0256944444
0 0.7011718750 0.4218750000 0.0593750000 0.0284722222
0 0.7263671875 0.4125000000 0.0121093750 0.0097222222
0 0.6167968750 0.4243055556 0.0554687500 0.0263888889
0 0.4980468750 0.4239583333 0.0375000000 0.0243055556
0 0.7527343750 0.4368055556 0.0210937500 0.0125000000
0 0.5492187500 0.4347222222 0.0078125000 0.0055555556
0 0.5300781250 0.4440972222 0.0320312500 0.0215277778
0 0.4648437500 0.4444444444 0.0328125000 0.0138888889
0 0.8783203125 0.4930555556 0.0191406250 0.0138888889
0 0.8494140625 0.4975694444 0.0199218750 0.0048611111
