0 0.8810546875 0.3236111111 0.0777343750 0.0347222222
0 0.6406250000 0.3208333333 0.0109375000 0.0041666667
0 0.2787109375 0.3253472222 0.0121093750 0.0104166667
0 0.2498046875 0.3364583333 0.0277343750 0.0201388889
0 0.7324218750 0.3500000000 0.0234375000 0.0194444444
0 0.8132812500 0.3531250000 0.0234375000 0.0187500000
0 0.4136718750 0.3559027778 0.0484375000 0.0201388889
0 0.8722656250 0.3586805556 0.0390625000 0.0270833333
0 0.6958984375 0.3572916667 0.0160156250 0.0090277778
0 0.3781250000 0.3621527778 0.0070312500 0.0062500000
0 0.6380859375 0.3784722222 0.0238281250 0.0180555556
0 0.3753906250 0.3881944444 0.0281250000 0.0111111111
0 0.6847656250 0.4006944444 0.0703125000 0.0333333333
0 0.7445312500 0.3940972222 0.0140625000 0.0104166667
0 0.7535156250 0.4027777778 0.0312500000 0.0263888889
0 0.6269531250 0.4013888889 0.0164062500 0.0097222222
0 0.4193359375 0.4118055556 0.0394531250 0.0236111111
0 0.5886718750 0.4100694444 0.0414062500 0.0215277778
0 0.4939453125 0.4173611111 0.0714843750 0.0194444444
0 0.3744140625 0.4180555556 0.0675781250 0.0152777778
0 0.4490234375 0.4319444444 0.0238281250 0.0180555556
0 0.5818359375 0.4440972222 0.0402343750 0.0256944444
0 0.8683593750 0.4506944444 0.0226562500 0.0125000000
0 0.8765625000 0.4753472222 0.0156250000 0.0104166667
0 0.3201171875 0.4826388889 0.0214843750 0.0097222222
0 0.5585937500 0.4829861111 0.0085937500 0.0048611111
0 0.9113281250 0.4961805556 0.0171875000 0.0076388889
