0 0.3048828125 0.1468750000 0.0355468750 0.0131944444
0 0.2583984375 0.1458333333 0.0144531250 0.0083333333
0 0.4519531250 0.1472222222 0.0218750000 0.0111111111
0 0.5246093750 0.1538194444 0.0132812500 0.0118055556
0 0.7871093750 0.3256944444 0.0156250000 0.0111111111
0 0.8478515625 0.3309027778 0.0371093750 0.0159722222
0 0.8841796875 0.3319444444 0.0097656250 0.0083333333
0 0.5351562500 0.3413194444 0.0164062500 0.0104166667
0 0.4421875000 0.3430555556 0.0515625000 0.0111111111
0 0.4966796875 0.3402777778 0.0136718750 0.0069444444
0 0.3822265625 0.3458333333 0.0207031250 0.0097222222
0 0.2511718750 0.3506944444 0.0101562500 0.0069444444
0 0.2201171875 0.3621527778 0.0152343750 0.0090277778
0 0.7437500000 0.4006944444 0.0078125000 0.0055555556
0 0.6476562500 0.4204861111 0.0156250000 0.0118055556
0 0.7964843750 0.4385416667 0.1757812500 0.0465277778
0 0.3781250000 0.4284722222 0.0265625000 0.0125000000
0 0.5179687500 0.4302083333 0.0257812500 0.0173611111
0 0.2390625000 0.4444444444 0.0359375000 0.0291666667
0 0.4162109375 0.4361111111 0.0082031250 0.0055555556
0 0.6068359375 0.4409722222 0.0371093750 0.0083333333
0 0.4390625000 0.4579861111 0.1468750000 0.0326388889
0 0.5503906250 0.4552083333 0.0570312500 0.0284722222
0 0.6384765625 0.4649305556 0.0457031250 0.0395833333
0 0.6080078125 0.4572916667 0.0339843750 0.0118055556
0 0.6882812500 0.4670138889 0.0328125000 0.0173611111
0 0.2347656250 0.4642361111 0.0101562500 0.0062500000
0 0.5048828125 0.4652777778 0.0214843750 0.0069444444
0 0.6033203125 0.4690972222 0.0121093750 0.0048611111
0 0.5822265625 0.4725694444 0.0128906250 0.0076388889
0 0.6082031250 0.4791666667 0.0117187500 0.0041666667
0 0.8509765625 0.4850694444 0.0191406250 0.0145833333
0 0.2640625000 0.4958333333 0.0101562500 0.0083333333
0 0.2371093750 0.4972222222 0.0132812500 0.0055555556
