0 0.8849609375 0.3354166667 0.0699218750 0.0250000000
0 0.3128906250 0.3368055556 0.0593750000 0.0222222222
0 0.2695312500 0.3444444444 0.0164062500 0.0111111111
0 0.8140625000 0.3750000000 0.0140625000 0.0069444444
0 0.8792968750 0.4041666667 0.0101562500 0.0083333333
0 0.7521484375 0.4225694444 0.0550781250 0.0215277778
0 0.8957031250 0.4170138889 0.0132812500 0.0104166667
0 0.6429687500 0.4222222222 0.0242187500 0.0097222222
0 0.7093750000 0.4298611111 0.0406250000 0.0208333333
0 0.6238281250 0.4322916667 0.0085937500 0.0076388889
0 0.5447265625 0.4385416667 0.0308593750 0.0145833333
0 0.4875000000 0.4368055556 0.0062500000 0.0055555556
0 0.5701171875 0.4440972222 0.0105468750 0.0090277778
0 0.8732421875 0.4670138889 0.0269531250 0.0118055556
0 0.8677734375 0.4972222222 0.0089843750 0.0055555556
