0 0.8669921875 0.2635416667 0.0761718750 0.0215277778
0 0.2603515625 0.2975694444 0.0183593750 0.0090277778
0 0.2164062500 0.3378472222 0.0148437500 0.0076388889
0 0.7529296875 0.3500000000 0.0496093750 0.0319444444
0 0.7962890625 0.3694444444 0.0542968750 0.0236111111
0 0.5498046875 0.3694444444 0.0160156250 0.0111111111
0 0.4494140625 0.3753472222 0.0207031250 0.0159722222
0 0.7037109375 0.3774305556 0.0269531250 0.0173611111
0 0.8666015625 0.3913194444 0.0238281250 0.0076388889
0 0.8617187500 0.4048611111 0.0304687500 0.0111111111
0 0.8593750000 0.4711805556 0.0617187500 0.0201388889
0 0.4294921875 0.4684027778 0.0074218750 0.0062500000
0 0.5925781250 0.4774305556 0.0179687500 0.0076388889
0 0.7931640625 0.4805555556 0.0230468750 0.0111111111
0 0.2898437500 0.4850694444 0.0218750000 0.0173611111
0 0.2394531250 0.4972222222 0.0078125000 0.0055555556
