0 0.2269531250 0.1583333333 0.0562500000 0.0402777778
0 0.3484375000 0.1427083333 0.0343750000 0.0090277778
0 0.8826171875 0.3572916667 0.0746093750 0.0256944444
0 0.3166015625 0.3586805556 0.1066406250 0.0270833333
0 0.4986328125 0.3572916667 0.0191406250 0.0104166667
0 0.4582031250 0.3604166667 0.0179687500 0.0111111111
0 0.4123046875 0.3690972222 0.0230468750 0.0187500000
0 0.2578125000 0.3690972222 0.0171875000 0.0118055556
0 0.7453125000 0.3694444444 0.0164062500 0.0083333333
0 0.3845703125 0.3722222222 0.0097656250 0.0069444444
0 0.6083984375 0.3750000000 0.0160156250 0.0111111111
0 0.5783203125 0.3861111111 0.0074218750 0.0055555556
0 0.6638671875 0.4204861111 0.0082031250 0.0062500000
0 0.8792968750 0.4256944444 0.0093750000 0.0083333333
0 0.6462890625 0.4409722222 0.0300781250 0.0194444444
