0 0.7554687500 0.2906250000 0.0210937500 0.0104166667
0 0.8083984375 0.2951388889 0.0097656250 0.0069444444
0 0.2935546875 0.3090277778 0.0972656250 0.0291666667
0 0.8785156250 0.2982638889 0.0156250000 0.0090277778
0 0.9070312500 0.3017361111 0.0257812500 0.0145833333
0 0.6560546875 0.2986111111 0.0144531250 0.0055555556
0 0.4775390625 0.3003472222 0.0136718750 0.0076388889
0 0.5365234375 0.3017361111 0.0113281250 0.0076388889
0 0.5460937500 0.3381944444 0.0289062500 0.0236111111
0 0.4000000000 0.3392361111 0.0156250000 0.0131944444
0 0.7056640625 0.3614583333 0.0230468750 0.0131944444
0 0.4404296875 0.3631944444 0.0128906250 0.0111111111
0 0.5597656250 0.3763888889 0.0218750000 0.0194444444
0 0.7056640625 0.3767361111 0.0175781250 0.0118055556
0 0.7978515625 0.3902777778 0.0785156250 0.0388888889
0 0.4003906250 0.3968750000 0.0632812500 0.0423611111
0 0.6150390625 0.3822916667 0.0113281250 0.0076388889
0 0.6435546875 0.3847222222 0.0167968750 0.0125000000
0 0.8664062500 0.3920138889 0.0390625000 0.0256944444
0 0.6873046875 0.3916666667 0.0246093750 0.0180555556
0 0.4507812500 0.3972222222 0.0156250000 0.0138888889
0 0.5929687500 0.4020833333 0.0523437500 0.0222222222
0 0.7599609375 0.4010416667 0.0214843750 0.0187500000
0 0.5207031250 0.4062500000 0.0125000000 0.0041666667
0 0.8021484375 0.4107638889 0.0160156250 0.0131944444
0 0.5062500000 0.4187500000 0.0078125000 0.0055555556
0 0.2003906250 0.4211805556 0.0132812500 0.0048611111
0 0.9023437500 0.4263888889 0.0187500000 0.0152777778
0 0.8878906250 0.4437500000 0.0234375000 0.0138888889
0 0.8730468750 0.4805555556 0.0265625000 0.0097222222
0 0.8570312500 0.4940972222 0.0171875000 0.0062500000
0 0.8960937500 0.4958333333 0.0351562500 0.0083333333
