0 0.7914062500 0.2010416667 0.0828125000 0.0187500000
0 0.4544921875 0.2086805556 0.5089843750 0.0326388889
0 0.8707031250 0.3822916667 0.0867187500 0.0201388889
0 0.2908203125 0.3982638889 0.1332031250 0.0423611111
0 0.4568359375 0.4020833333 0.1996093750 0.0361111111
0 0.6044921875 0.4003472222 0.0324218750 0.0215277778
0 0.7617187500 0.4093750000 0.0523437500 0.0284722222
0 0.2294921875 0.4319444444 0.0097656250 0.0041666667
0 0.7941406250 0.4364583333 0.0070312500 0.0062500000
0 0.8738281250 0.4777777778 0.0148437500 0.0111111111
0 0.6396484375 0.4881944444 0.0308593750 0.0166666667
0 0.2529296875 0.4968750000 0.0082031250 0.0062500000
