0 0.9013671875 0.1586805556 0.0371093750 0.0187500000
0 0.8404296875 0.1614583333 0.0199218750 0.0104166667
0 0.7650390625 0.1649305556 0.0175781250 0.0131944444
0 0.7052734375 0.1656250000 0.0113281250 0.0076388889
0 0.2171875000 0.1687500000 0.0156250000 0.0069444444
0 0.6125000000 0.3565972222 0.0125000000 0.0062500000
0 0.5660156250 0.3611111111 0.0257812500 0.0125000000
0 0.4785156250 0.3604166667 0.0234375000 0.0069444444
0 0.4097656250 0.3625000000 0.0093750000 0.0069444444
0 0.8757812500 0.3961805556 0.0156250000 0.0131944444
0 0.3878906250 0.4076388889 0.0406250000 0.0236111111
0 0.4740234375 0.4173611111 0.0183593750 0.0152777778
0 0.4093750000 0.4274305556 0.0171875000 0.0131944444
0 0.3707031250 0.4479166667 0.0593750000 0.0458333333
0 0.7072265625 0.4493055556 0.0902343750 0.0291666667
0 0.4630859375 0.4527777778 0.1230468750 0.0347222222
0 0.3775390625 0.4427083333 0.0113281250 0.0062500000
0 0.4525390625 0.4440972222 0.0152343750 0.0090277778
0 0.6294921875 0.4645833333 0.0605468750 0.0361111111
0 0.5541015625 0.4607638889 0.0707031250 0.0243055556
0 0.7626953125 0.4638888889 0.0574218750 0.0319444444
0 0.2494140625 0.4604166667 0.0105468750 0.0055555556
0 0.4519531250 0.4763888889 0.0140625000 0.0097222222
0 0.5818359375 0.4784722222 0.0074218750 0.0055555556
0 0.5474609375 0.4822916667 0.0269531250 0.0104166667
0 0.6732421875 0.4819444444 0.0074218750 0.0055555556
0 0.9138671875 0.4934027778 0.0121093750 0.0062500000
