0 0.1761718750 0.1250000000 0.0117187500 0.0097222222
0 0.2230468750 0.1236111111 0.0101562500 0.0069444444
0 0.8480468750 0.2486111111 0.0210937500 0.0097222222
0 0.6158203125 0.2513888889 0.0128906250 0.0097222222
0 0.6630859375 0.2531250000 0.0308593750 0.0118055556
0 0.5066406250 0.2583333333 0.0375000000 0.0166666667
0 0.8640625000 0.2569444444 0.0109375000 0.0083333333
0 0.4132812500 0.2732638889 0.1335937500 0.0354166667
0 0.6486328125 0.3118055556 0.0105468750 0.0055555556
0 0.5611328125 0.3142361111 0.0113281250 0.0062500000
0 0.7097656250 0.3489583333 0.0976562500 0.0451388889
0 0.5429687500 0.3531250000 0.0789062500 0.0256944444
0 0.6099609375 0.3572916667 0.0441406250 0.0284722222
0 0.8578125000 0.3732638889 0.0414062500 0.0243055556
0 0.6511718750 0.3753472222 0.0148437500 0.0131944444
0 0.8494140625 0.4031250000 0.0167968750 0.0118055556
0 0.8607421875 0.4208333333 0.0285156250 0.0180555556
0 0.1890625000 0.4256944444 0.0125000000 0.0083333333
0 0.8759765625 0.4850694444 0.0191406250 0.0118055556
0 0.9132812500 0.4940972222 0.0132812500 0.0118055556
