0 0.2232421875 0.1288194444 0.0308593750 0.0173611111
0 0.8656250000 0.1829861111 0.0640625000 0.0215277778
0 0.4322265625 0.1993055556 0.0691406250 0.0125000000
0 0.5281250000 0.1954861111 0.0078125000 0.0062500000
0 0.3783203125 0.2027777778 0.0207031250 0.0138888889
0 0.2195312500 0.2125000000 0.0632812500 0.0291666667
0 0.7498046875 0.2371527778 0.0160156250 0.0131944444
0 0.3882812500 0.2590277778 0.0203125000 0.0111111111
0 0.8011718750 0.2864583333 0.0812500000 0.0381944444
0 0.4119140625 0.2805555556 0.0316406250 0.0152777778
0 0.3632812500 0.2829861111 0.0210937500 0.0159722222
0 0.7333984375 0.2805555556 0.0128906250 0.0111111111
0 0.5164062500 0.2840277778 0.0218750000 0.0152777778
0 0.6373046875 0.2906250000 0.0121093750 0.0076388889
0 0.6109375000 0.2937500000 0.0171875000 0.0111111111
0 0.5689453125 0.3100694444 0.0472656250 0.0298611111
0 0.5003906250 0.3131944444 0.0367187500 0.0250000000
0 0.5347656250 0.3097222222 0.0218750000 0.0152777778
0 0.6544921875 0.3159722222 0.0394531250 0.0222222222
0 0.4558593750 0.3187500000 0.0406250000 0.0194444444
0 0.8539062500 0.3388888889 0.0125000000 0.0111111111
0 0.2066406250 0.4159722222 0.0101562500 0.0083333333
0 0.2552734375 0.4201388889 0.0113281250 0.0083333333
