0 0.3058593750 0.1611111111 0.0179687500 0.0097222222
0 0.7574218750 0.4229166667 0.0250000000 0.0138888889
0 0.4658203125 0.4215277778 0.0082031250 0.0055555556
0 0.8699218750 0.4256944444 0.0093750000 0.0069444444
0 0.8103515625 0.4451388889 0.0722656250 0.0305555556
0 0.4513671875 0.4482638889 0.0339843750 0.0243055556
0 0.6619140625 0.4413194444 0.0175781250 0.0090277778
0 0.5595703125 0.4454861111 0.0410156250 0.0145833333
0 0.6246093750 0.4510416667 0.0250000000 0.0201388889
0 0.6886718750 0.4527777778 0.0406250000 0.0180555556
0 0.4972656250 0.4569444444 0.0562500000 0.0236111111
0 0.7328125000 0.4520833333 0.0117187500 0.0083333333
0 0.6500000000 0.4611111111 0.0101562500 0.0069444444
0 0.5353515625 0.4635416667 0.0167968750 0.0076388889
0 0.8642578125 0.4812500000 0.0222656250 0.0069444444
0 0.8968750000 0.4954861111 0.0140625000 0.0090277778
