0 0.8544921875 0.2163194444 0.0300781250 0.0187500000
0 0.9013671875 0.2229166667 0.0371093750 0.0125000000
0 0.2867187500 0.2347222222 0.0625000000 0.0236111111
0 0.3972656250 0.2479166667 0.0750000000 0.0263888889
0 0.7908203125 0.2590277778 0.0246093750 0.0166666667
0 0.8416015625 0.2625000000 0.0113281250 0.0097222222
0 0.7427734375 0.3295138889 0.0339843750 0.0229166667
0 0.5259765625 0.3315972222 0.0410156250 0.0159722222
0 0.8873046875 0.3798611111 0.0128906250 0.0083333333
0 0.9146484375 0.4972222222 0.0105468750 0.0055555556
