0 0.5351562500 0.1579861111 0.7695312500 0.0368055556
0 0.8312500000 0.3416666667 0.0343750000 0.0152777778
0 0.4289062500 0.3576388889 0.0164062500 0.0125000000
0 0.2517578125 0.3638888889 0.0136718750 0.0069444444
0 0.8033203125 0.4142361111 0.0089843750 0.0076388889
0 0.8136718750 0.4413194444 0.0906250000 0.0381944444
0 0.3722656250 0.4531250000 0.0242187500 0.0159722222
0 0.4767578125 0.4635416667 0.0105468750 0.0062500000
0 0.5138671875 0.4663194444 0.0136718750 0.0118055556
0 0.8318359375 0.4829861111 0.0222656250 0.0118055556
0 0.8898437500 0.4892361111 0.0148437500 0.0104166667
