0 0.2767578125 0.2684027778 0.0121093750 0.0090277778
0 0.8468750000 0.3156250000 0.0570312500 0.0270833333
0 0.2718750000 0.3295138889 0.0148437500 0.0076388889
0 0.3902343750 0.3506944444 0.1218750000 0.0444444444
0 0.4720703125 0.3329861111 0.0253906250 0.0090277778
0 0.2400390625 0.3479166667 0.0066406250 0.0055555556
0 0.2439453125 0.3607638889 0.0464843750 0.0187500000
0 0.8576171875 0.3687500000 0.0121093750 0.0097222222
0 0.7900390625 0.4131944444 0.0894531250 0.0472222222
0 0.8669921875 0.3961805556 0.0136718750 0.0090277778
0 0.4925781250 0.4000000000 0.0148437500 0.0125000000
0 0.8607421875 0.4118055556 0.0253906250 0.0208333333
0 0.6330078125 0.4138888889 0.0136718750 0.0097222222
0 0.6775390625 0.4180555556 0.0167968750 0.0125000000
0 0.2464843750 0.4246527778 0.0265625000 0.0229166667
0 0.5595703125 0.4260416667 0.0308593750 0.0173611111
0 0.4757812500 0.4354166667 0.0390625000 0.0291666667
0 0.8421875000 0.4277777778 0.0117187500 0.0097222222
0 0.5169921875 0.4413194444 0.0347656250 0.0215277778
0 0.2324218750 0.4451388889 0.0093750000 0.0041666667
0 0.2253906250 0.4534722222 0.0093750000 0.0041666667
0 0.8164062500 0.4760416667 0.0093750000 0.0062500000
0 0.4359375000 0.4798611111 0.0070312500 0.0055555556
0 0.4654296875 0.4809027778 0.0089843750 0.0076388889
0 0.8818359375 0.4902777778 0.0238281250 0.0194444444
0 0.2611328125 0.4875000000 0.0082031250 0.0055555556
