0 0.6726562500 0.3715277778 0.0171875000 0.0097222222
0 0.8962890625 0.3729166667 0.0316406250 0.0138888889
0 0.5039062500 0.3760416667 0.0304687500 0.0118055556
0 0.3011718750 0.3760416667 0.0093750000 0.0076388889
0 0.4626953125 0.3788194444 0.0191406250 0.0104166667
0 0.5330078125 0.3781250000 0.0113281250 0.0090277778
0 0.2707031250 0.3854166667 0.0437500000 0.0208333333
0 0.5859375000 0.3812500000 0.0156250000 0.0083333333
0 0.2439453125 0.3947916667 0.0136718750 0.0090277778
0 0.3550781250 0.4052083333 0.0281250000 0.0215277778
0 0.7755859375 0.4090277778 0.0457031250 0.0277777778
0 0.5558593750 0.4114583333 0.0390625000 0.0284722222
0 0.4324218750 0.4142361111 0.0359375000 0.0298611111
0 0.5064453125 0.4152777778 0.0394531250 0.0250000000
0 0.6666015625 0.4208333333 0.0363281250 0.0250000000
0 0.6244140625 0.4274305556 0.0121093750 0.0090277778
0 0.8478515625 0.4437500000 0.0136718750 0.0097222222
0 0.5589843750 0.4506944444 0.0132812500 0.0097222222
0 0.7861328125 0.4520833333 0.0230468750 0.0125000000
0 0.4501953125 0.4552083333 0.0207031250 0.0131944444
0 0.8173828125 0.4690972222 0.0707031250 0.0368055556
0 0.7289062500 0.4701388889 0.1078125000 0.0333333333
0 0.4904296875 0.4732638889 0.0628906250 0.0326388889
0 0.4322265625 0.4756944444 0.0347656250 0.0208333333
0 0.5884765625 0.4722222222 0.0136718750 0.0111111111
0 0.6031250000 0.4822916667 0.0265625000 0.0187500000
0 0.9050781250 0.4854166667 0.0296875000 0.0222222222
