0 0.5927734375 0.3399305556 0.0238281250 0.0145833333
0 0.6761718750 0.3385416667 0.0265625000 0.0118055556
0 0.2943359375 0.3510416667 0.0847656250 0.0326388889
0 0.4761718750 0.3434027778 0.0281250000 0.0145833333
0 0.6287109375 0.3392361111 0.0175781250 0.0076388889
0 0.7148437500 0.3399305556 0.0234375000 0.0076388889
0 0.7400390625 0.3406250000 0.0105468750 0.0062500000
0 0.5074218750 0.3416666667 0.0148437500 0.0055555556
0 0.2402343750 0.3527777778 0.0171875000 0.0111111111
0 0.5498046875 0.3750000000 0.0589843750 0.0277777778
0 0.2369140625 0.3677083333 0.0113281250 0.0076388889
0 0.6488281250 0.3718750000 0.0179687500 0.0159722222
0 0.6083984375 0.3743055556 0.0152343750 0.0097222222
0 0.4884765625 0.3892361111 0.0152343750 0.0076388889
0 0.4255859375 0.3979166667 0.0535156250 0.0180555556
0 0.5177734375 0.4000000000 0.0105468750 0.0069444444
0 0.2482421875 0.4045138889 0.0207031250 0.0131944444
0 0.7511718750 0.4034722222 0.0085937500 0.0055555556
0 0.7636718750 0.4277777778 0.1734375000 0.0513888889
0 0.7837890625 0.4079861111 0.0144531250 0.0118055556
0 0.8113281250 0.4149305556 0.0250000000 0.0131944444
0 0.4095703125 0.4277777778 0.0347656250 0.0291666667
0 0.2667968750 0.4260416667 0.0101562500 0.0048611111
0 0.5156250000 0.4364583333 0.1148437500 0.0256944444
0 0.5658203125 0.4437500000 0.0886718750 0.0388888889
0 0.6658203125 0.4427083333 0.0675781250 0.0312500000
0 0.7117187500 0.4427083333 0.0085937500 0.0062500000
0 0.7146484375 0.4527777778 0.0097656250 0.0083333333
0 0.2548828125 0.4527777778 0.0121093750 0.0069444444
0 0.8687500000 0.4583333333 0.0210937500 0.0125000000
0 0.6287109375 0.4590277778 0.0089843750 0.0055555556
0 0.4343750000 0.4784722222 0.0093750000 0.0069444444
0 0.8919921875 0.4847222222 0.0136718750 0.0083333333
0 0.9033203125 0.4958333333 0.0175781250 0.0083333333
