0 0.8658203125 0.3298611111 0.0136718750 0.0111111111
0 0.8222656250 0.3295138889 0.0140625000 0.0076388889
0 0.5425781250 0.3413194444 0.0406250000 0.0187500000
0 0.6021484375 0.3375000000 0.0503906250 0.0111111111
0 0.4496093750 0.3427083333 0.1281250000 0.0173611111
0 0.3589843750 0.3489583333 0.0164062500 0.0118055556
0 0.8408203125 0.3798611111 0.0207031250 0.0166666667
0 0.4929687500 0.4107638889 0.0171875000 0.0104166667
0 0.7314453125 0.4215277778 0.0550781250 0.0319444444
0 0.3419921875 0.4107638889 0.0152343750 0.0076388889
0 0.8138671875 0.4284722222 0.0917968750 0.0388888889
0 0.5742187500 0.4170138889 0.0148437500 0.0090277778
0 0.6406250000 0.4215277778 0.0203125000 0.0111111111
0 0.6859375000 0.4250000000 0.0312500000 0.0166666667
0 0.4312500000 0.4250000000 0.0195312500 0.0152777778
0 0.3908203125 0.4322916667 0.0558593750 0.0270833333
0 0.5628906250 0.4322916667 0.0406250000 0.0145833333
0 0.2429687500 0.4291666667 0.0093750000 0.0055555556
0 0.5091796875 0.4454861111 0.0980468750 0.0368055556
0 0.5306640625 0.4305555556 0.0066406250 0.0055555556
0 0.4394531250 0.4368055556 0.0125000000 0.0069444444
0 0.6871093750 0.4430555556 0.0164062500 0.0097222222
0 0.4462890625 0.4531250000 0.0308593750 0.0256944444
0 0.5947265625 0.4434027778 0.0074218750 0.0062500000
0 0.6208984375 0.4534722222 0.0691406250 0.0250000000
0 0.6937500000 0.4562500000 0.0625000000 0.0180555556
0 0.5755859375 0.4625000000 0.0160156250 0.0138888889
0 0.6232421875 0.4631944444 0.0183593750 0.0097222222
0 0.2892578125 0.4746527778 0.0128906250 0.0104166667
