0 0.2292968750 0.1243055556 0.0132812500 0.0083333333
0 0.8812500000 0.1375000000 0.0187500000 0.0166666667
0 0.9113281250 0.1416666667 0.0171875000 0.0152777778
0 0.4775390625 0.1565972222 0.1128906250 0.0256944444
0 0.2421875000 0.1704861111 0.0304687500 0.0243055556
0 0.1949218750 0.1878472222 0.0289062500 0.0145833333
0 0.8794921875 0.2038194444 0.0105468750 0.0090277778
0 0.6626953125 0.2482638889 0.0136718750 0.0104166667
0 0.8908203125 0.3819444444 0.0128906250 0.0097222222
0 0.2423828125 0.4972222222 0.0167968750 0.0055555556
0 0.5429687500 0.4968750000 0.0125000000 0.0062500000
