0 0.2224609375 0.1225694444 0.0136718750 0.0048611111
0 0.8927734375 0.2565972222 0.0089843750 0.0076388889
0 0.8697265625 0.2642361111 0.0527343750 0.0215277778
0 0.8234375000 0.2628472222 0.0101562500 0.0048611111
0 0.4119140625 0.2822916667 0.0550781250 0.0201388889
0 0.3582031250 0.2868055556 0.0203125000 0.0111111111
0 0.3339843750 0.3017361111 0.0156250000 0.0090277778
0 0.5496093750 0.3243055556 0.0257812500 0.0194444444
0 0.4691406250 0.3256944444 0.0601562500 0.0180555556
0 0.5158203125 0.3305555556 0.0332031250 0.0152777778
0 0.7150390625 0.3708333333 0.1269531250 0.0500000000
0 0.4583984375 0.3625000000 0.0230468750 0.0125000000
0 0.8792968750 0.3649305556 0.0109375000 0.0090277778
0 0.1574218750 0.3680555556 0.0101562500 0.0083333333
0 0.4996093750 0.3746527778 0.0257812500 0.0215277778
0 0.5529296875 0.3739583333 0.0519531250 0.0201388889
0 0.8595703125 0.3815972222 0.0105468750 0.0076388889
0 0.6212890625 0.3888888889 0.0441406250 0.0166666667
0 0.2369140625 0.3930555556 0.0113281250 0.0069444444
0 0.8541015625 0.4093750000 0.0222656250 0.0090277778
0 0.8953125000 0.4163194444 0.0117187500 0.0104166667
0 0.2658203125 0.4229166667 0.0113281250 0.0097222222
0 0.2394531250 0.4246527778 0.0140625000 0.0076388889
0 0.8126953125 0.4329861111 0.0222656250 0.0118055556
0 0.8578125000 0.4500000000 0.0117187500 0.0069444444
0 0.2865234375 0.4711805556 0.0089843750 0.0076388889
0 0.8779296875 0.4857638889 0.0496093750 0.0284722222
