0 0.5031250000 0.1559027778 0.5515625000 0.0298611111
0 0.9148437500 0.3576388889 0.0101562500 0.0069444444
0 0.2994140625 0.3722222222 0.0894531250 0.0305555556
0 0.7373046875 0.4065972222 0.0121093750 0.0104166667
0 0.4623046875 0.4298611111 0.0175781250 0.0125000000
0 0.5046875000 0.4364583333 0.0179687500 0.0076388889
0 0.8216796875 0.4486111111 0.0574218750 0.0291666667
0 0.7431640625 0.4520833333 0.0449218750 0.0305555556
0 0.4511718750 0.4569444444 0.0750000000 0.0319444444
0 0.5279296875 0.4513888889 0.0628906250 0.0166666667
0 0.6279296875 0.4496527778 0.0214843750 0.0118055556
0 0.7804687500 0.4590277778 0.0296875000 0.0194444444
0 0.6460937500 0.4562500000 0.0101562500 0.0069444444
0 0.6806640625 0.4583333333 0.0152343750 0.0111111111
0 0.4779296875 0.4645833333 0.0128906250 0.0083333333
0 0.5962890625 0.4718750000 0.0855468750 0.0229166667
0 0.6935546875 0.4673611111 0.0292968750 0.0138888889
0 0.6568359375 0.4708333333 0.0222656250 0.0152777778
0 0.7414062500 0.4701388889 0.0109375000 0.0069444444
0 0.5359375000 0.4739583333 0.0179687500 0.0118055556
