0 0.2398437500 0.1420138889 0.0085937500 0.0062500000
0 0.3181640625 0.1538194444 0.0097656250 0.0048611111
0 0.8671875000 0.3434027778 0.0203125000 0.0104166667
0 0.9039062500 0.3472222222 0.0320312500 0.0152777778
0 0.3193359375 0.3527777778 0.0167968750 0.0069444444
0 0.4128906250 0.3579861111 0.0226562500 0.0159722222
0 0.2687500000 0.3618055556 0.0656250000 0.0222222222
0 0.8501953125 0.3878472222 0.0558593750 0.0354166667
0 0.9115234375 0.4125000000 0.0167968750 0.0125000000
0 0.5748046875 0.4135416667 0.0082031250 0.0048611111
0 0.6931640625 0.4232638889 0.0378906250 0.0229166667
0 0.8101562500 0.4375000000 0.1171875000 0.0444444444
0 0.7166015625 0.4319444444 0.0308593750 0.0263888889
0 0.4863281250 0.4333333333 0.0148437500 0.0111111111
0 0.4386718750 0.4381944444 0.0226562500 0.0152777778
0 0.5066406250 0.4590277778 0.0765625000 0.0277777778
0 0.4097656250 0.4548611111 0.0210937500 0.0166666667
0 0.5740234375 0.4548611111 0.0144531250 0.0111111111
0 0.6078125000 0.4538194444 0.0093750000 0.0048611111
0 0.4414062500 0.4614583333 0.0453125000 0.0145833333
0 0.5601562500 0.4767361111 0.0218750000 0.0187500000
0 0.6271484375 0.4781250000 0.0160156250 0.0090277778
0 0.8326171875 0.4965277778 0.0160156250 0.0069444444
0 0.9158203125 0.4972222222 0.0082031250 0.0055555556
