0 0.8654296875 0.1458333333 0.0183593750 0.0152777778
0 0.2740234375 0.1666666667 0.1003906250 0.0347222222
0 0.7681640625 0.2503472222 0.0386718750 0.0340277778
0 0.7173828125 0.2506944444 0.0105468750 0.0083333333
0 0.8886718750 0.2659722222 0.0273437500 0.0222222222
0 0.8652343750 0.2826388889 0.0320312500 0.0166666667
0 0.6246093750 0.4944444444 0.0593750000 0.0111111111
0 0.5281250000 0.4961805556 0.0335937500 0.0076388889
0 0.4904296875 0.4972222222 0.0214843750 0.0055555556
0 0.5724609375 0.4975694444 0.0269531250 0.0048611111
