0 0.8457031250 0.2996527778 0.0453125000 0.0159722222
0 0.5335937500 0.3131944444 0.0125000000 0.0083333333
0 0.3958984375 0.3159722222 0.0238281250 0.0097222222
0 0.3039062500 0.3163194444 0.0140625000 0.0062500000
0 0.2535156250 0.3291666667 0.0562500000 0.0291666667
0 0.3556640625 0.3652777778 0.0722656250 0.0625000000
0 0.7621093750 0.3555555556 0.0273437500 0.0236111111
0 0.4462890625 0.3645833333 0.0441406250 0.0236111111
0 0.5390625000 0.3635416667 0.0187500000 0.0159722222
0 0.2117187500 0.3781250000 0.0132812500 0.0076388889
0 0.4148437500 0.3861111111 0.0140625000 0.0125000000
0 0.8054687500 0.4076388889 0.1679687500 0.0541666667
0 0.3876953125 0.3850694444 0.0097656250 0.0062500000
0 0.3400390625 0.4086805556 0.0277343750 0.0201388889
0 0.5630859375 0.4083333333 0.0605468750 0.0208333333
0 0.4505859375 0.4138888889 0.0394531250 0.0263888889
0 0.6582031250 0.4062500000 0.0148437500 0.0111111111
0 0.6150390625 0.4125000000 0.0261718750 0.0194444444
0 0.6849609375 0.4208333333 0.0535156250 0.0277777778
0 0.4917968750 0.4211805556 0.0578125000 0.0243055556
0 0.5312500000 0.4246527778 0.0187500000 0.0145833333
0 0.6410156250 0.4281250000 0.0164062500 0.0104166667
0 0.8593750000 0.4458333333 0.0218750000 0.0138888889
0 0.2744140625 0.4513888889 0.0128906250 0.0083333333
0 0.5718750000 0.4694444444 0.0125000000 0.0111111111
0 0.8478515625 0.4750000000 0.0207031250 0.0097222222
0 0.4992187500 0.4777777778 0.0101562500 0.0069444444
