0 0.8640625000 0.3097222222 0.1117187500 0.0208333333
0 0.3078125000 0.3156250000 0.0109375000 0.0062500000
0 0.2607421875 0.3267361111 0.0597656250 0.0243055556
0 0.3708984375 0.3229166667 0.0183593750 0.0097222222
0 0.7109375000 0.3447916667 0.0375000000 0.0187500000
0 0.6775390625 0.3451388889 0.0222656250 0.0152777778
0 0.7679687500 0.3482638889 0.0171875000 0.0145833333
0 0.4220703125 0.3493055556 0.0410156250 0.0138888889
0 0.7484375000 0.3652777778 0.0140625000 0.0097222222
0 0.8398437500 0.4027777778 0.0984375000 0.0583333333
0 0.4195312500 0.3791666667 0.0109375000 0.0069444444
0 0.8667968750 0.3812500000 0.0164062500 0.0083333333
0 0.5123046875 0.3920138889 0.0417968750 0.0159722222
0 0.6882812500 0.4055555556 0.0796875000 0.0416666667
0 0.4603515625 0.3878472222 0.0121093750 0.0048611111
0 0.7425781250 0.3906250000 0.0093750000 0.0076388889
0 0.6294921875 0.3979166667 0.0222656250 0.0138888889
0 0.4757812500 0.3961805556 0.0070312500 0.0062500000
0 0.4275390625 0.4055555556 0.0308593750 0.0236111111
0 0.5937500000 0.4052083333 0.0398437500 0.0215277778
0 0.5138671875 0.4086805556 0.0878906250 0.0270833333
0 0.6656250000 0.4027777778 0.0171875000 0.0111111111
0 0.3746093750 0.4135416667 0.0601562500 0.0270833333
0 0.7894531250 0.4149305556 0.0343750000 0.0270833333
0 0.7544921875 0.4083333333 0.0167968750 0.0097222222
0 0.4542968750 0.4253472222 0.0226562500 0.0201388889
0 0.7320312500 0.4190972222 0.0109375000 0.0090277778
0 0.9164062500 0.4225694444 0.0070312500 0.0048611111
0 0.5966796875 0.4357638889 0.0527343750 0.0173611111
0 0.5029296875 0.4361111111 0.0488281250 0.0111111111
0 0.8740234375 0.4482638889 0.0261718750 0.0159722222
0 0.8882812500 0.4694444444 0.0070312500 0.0055555556
0 0.6923828125 0.4746527778 0.0097656250 0.0076388889
0 0.3289062500 0.4788194444 0.0132812500 0.0090277778
0 0.5648437500 0.4795138889 0.0109375000 0.0076388889
0 0.8912109375 0.4940972222 0.0574218750 0.0118055556
