0 0.8535156250 0.3006944444 0.0109375000 0.0069444444
0 0.5169921875 0.3138888889 0.0425781250 0.0138888889
0 0.5753906250 0.3111111111 0.0140625000 0.0097222222
0 0.8992187500 0.3111111111 0.0187500000 0.0083333333
0 0.2970703125 0.3204861111 0.0589843750 0.0229166667
0 0.8189453125 0.3541666667 0.0277343750 0.0152777778
0 0.5076171875 0.4125000000 0.0707031250 0.0319444444
0 0.5746093750 0.4100694444 0.0281250000 0.0145833333
0 0.6884765625 0.4152777778 0.0574218750 0.0263888889
0 0.9044921875 0.4062500000 0.0144531250 0.0055555556
0 0.6205078125 0.4180555556 0.0503906250 0.0208333333
0 0.9011718750 0.4302083333 0.0101562500 0.0048611111
0 0.8765625000 0.4319444444 0.0078125000 0.0055555556
0 0.8769531250 0.4465277778 0.0414062500 0.0194444444
0 0.8880859375 0.4767361111 0.0636718750 0.0256944444
0 0.5855468750 0.4694444444 0.0101562500 0.0069444444
0 0.8982421875 0.4961805556 0.0324218750 0.0076388889
0 0.8740234375 0.4979166667 0.0136718750 0.0041666667
