0 0.8193359375 0.3701388889 0.0097656250 0.0083333333
0 0.5964843750 0.3784722222 0.0609375000 0.0152777778
0 0.4425781250 0.3812500000 0.1273437500 0.0152777778
0 0.5343750000 0.3798611111 0.0218750000 0.0138888889
0 0.3603515625 0.3881944444 0.0167968750 0.0125000000
0 0.8404296875 0.4177083333 0.0230468750 0.0187500000
0 0.7269531250 0.4225694444 0.0156250000 0.0118055556
0 0.4976562500 0.4520833333 0.0257812500 0.0166666667
0 0.7138671875 0.4652777778 0.0886718750 0.0416666667
0 0.6423828125 0.4614583333 0.0371093750 0.0298611111
0 0.8072265625 0.4677083333 0.0800781250 0.0381944444
0 0.5677734375 0.4638888889 0.0511718750 0.0291666667
0 0.8488281250 0.4597222222 0.0187500000 0.0152777778
0 0.3990234375 0.4701388889 0.1050781250 0.0291666667
0 0.4443359375 0.4572916667 0.0074218750 0.0048611111
0 0.4603515625 0.4611111111 0.0105468750 0.0069444444
0 0.5298828125 0.4684027778 0.0089843750 0.0062500000
0 0.4968750000 0.4791666667 0.0734375000 0.0263888889
0 0.5941406250 0.4822916667 0.0070312500 0.0062500000
0 0.2964843750 0.4819444444 0.0109375000 0.0041666667
