0 0.1652343750 0.1447916667 0.0242187500 0.0215277778
0 0.8474609375 0.3229166667 0.0386718750 0.0166666667
0 0.4337890625 0.3357638889 0.0652343750 0.0145833333
0 0.3802734375 0.3378472222 0.0207031250 0.0104166667
0 0.2250000000 0.3527777778 0.0234375000 0.0111111111
0 0.8453125000 0.3659722222 0.0171875000 0.0138888889
0 0.6394531250 0.3753472222 0.0132812500 0.0090277778
0 0.8085937500 0.4243055556 0.1859375000 0.0694444444
0 0.3900390625 0.3993055556 0.0183593750 0.0125000000
0 0.3722656250 0.4187500000 0.0343750000 0.0194444444
0 0.4146484375 0.4177083333 0.0324218750 0.0173611111
0 0.3328125000 0.4211805556 0.0250000000 0.0215277778
0 0.5162109375 0.4253472222 0.0253906250 0.0104166667
0 0.6058593750 0.4315972222 0.0179687500 0.0104166667
0 0.6486328125 0.4534722222 0.0574218750 0.0402777778
0 0.5183593750 0.4513888889 0.1687500000 0.0319444444
0 0.6046875000 0.4465277778 0.0156250000 0.0083333333
0 0.2339843750 0.4572916667 0.0078125000 0.0048611111
0 0.4595703125 0.4750000000 0.0082031250 0.0069444444
0 0.8462890625 0.4746527778 0.0113281250 0.0062500000
0 0.3101562500 0.4809027778 0.0117187500 0.0104166667
0 0.8867187500 0.4822916667 0.0109375000 0.0048611111
0 0.2603515625 0.4878472222 0.0144531250 0.0090277778
0 0.2349609375 0.4899305556 0.0128906250 0.0062500000
0 0.8746093750 0.4965277778 0.0148437500 0.0069444444
