0 0.8492187500 0.2704861111 0.0210937500 0.0159722222
0 0.4359375000 0.2829861111 0.0335937500 0.0076388889
0 0.3855468750 0.2850694444 0.0132812500 0.0104166667
0 0.8199218750 0.3503472222 0.2000000000 0.1340277778
0 0.4162109375 0.3656250000 0.0300781250 0.0159722222
0 0.7345703125 0.3656250000 0.0175781250 0.0131944444
0 0.3671875000 0.3680555556 0.0156250000 0.0138888889
0 0.3332031250 0.3704861111 0.0242187500 0.0173611111
0 0.5175781250 0.3729166667 0.0226562500 0.0097222222
0 0.6359375000 0.3756944444 0.0109375000 0.0097222222
0 0.4431640625 0.3781250000 0.0136718750 0.0118055556
0 0.6087890625 0.3791666667 0.0136718750 0.0083333333
0 0.2394531250 0.3881944444 0.0132812500 0.0097222222
0 0.5384765625 0.3934027778 0.0199218750 0.0159722222
0 0.4933593750 0.3954861111 0.0164062500 0.0090277778
0 0.4619140625 0.4031250000 0.0316406250 0.0201388889
0 0.8511718750 0.4218750000 0.0101562500 0.0062500000
0 0.2359375000 0.4371527778 0.0125000000 0.0048611111
0 0.2617187500 0.4368055556 0.0085937500 0.0055555556
0 0.8798828125 0.4451388889 0.0152343750 0.0083333333
