0 0.1087890625 0.1256944444 0.0574218750 0.0111111111
0 0.1535156250 0.1232638889 0.0132812500 0.0062500000
0 0.7589843750 0.2642361111 0.3218750000 0.0298611111
0 0.2685546875 0.2732638889 0.2238281250 0.0243055556
0 0.4525390625 0.2739583333 0.1207031250 0.0243055556
0 0.5697265625 0.2687500000 0.0402343750 0.0111111111
0 0.1234375000 0.3048611111 0.0109375000 0.0083333333
0 0.8199218750 0.4072916667 0.1398437500 0.0229166667
0 0.3021484375 0.4204861111 0.0246093750 0.0173611111
0 0.2509765625 0.4357638889 0.0621093750 0.0354166667
0 0.4970703125 0.4263888889 0.0113281250 0.0083333333
0 0.4031250000 0.4277777778 0.0164062500 0.0097222222
0 0.5457031250 0.4604166667 0.0335937500 0.0138888889
0 0.4095703125 0.4718750000 0.0605468750 0.0284722222
0 0.5142578125 0.4670138889 0.0097656250 0.0062500000
0 0.3449218750 0.4777777778 0.0093750000 0.0069444444
0 0.2238281250 0.4920138889 0.0335937500 0.0159722222
0 0.8273437500 0.4968750000 0.0101562500 0.0062500000
