0 0.8556640625 0.3145833333 0.0269531250 0.0111111111
0 0.4683593750 0.3201388889 0.0406250000 0.0097222222
0 0.4197265625 0.3204861111 0.0371093750 0.0090277778
0 0.2300781250 0.3315972222 0.0156250000 0.0076388889
0 0.3646484375 0.3611111111 0.0457031250 0.0402777778
0 0.8445312500 0.3642361111 0.0265625000 0.0187500000
0 0.5410156250 0.3899305556 0.0078125000 0.0062500000
0 0.4443359375 0.3986111111 0.0324218750 0.0208333333
0 0.5029296875 0.4083333333 0.0472656250 0.0277777778
0 0.7345703125 0.4020833333 0.0308593750 0.0138888889
0 0.7710937500 0.4156250000 0.0539062500 0.0354166667
0 0.5742187500 0.4038194444 0.0070312500 0.0062500000
0 0.7009765625 0.4131944444 0.0527343750 0.0222222222
0 0.8728515625 0.4072916667 0.0128906250 0.0090277778
0 0.3798828125 0.4163194444 0.0402343750 0.0256944444
0 0.4171875000 0.4187500000 0.0281250000 0.0222222222
0 0.5443359375 0.4177083333 0.0558593750 0.0201388889
0 0.6287109375 0.4229166667 0.0613281250 0.0305555556
0 0.8550781250 0.4156250000 0.0289062500 0.0159722222
0 0.2460937500 0.4190972222 0.0109375000 0.0090277778
0 0.4615234375 0.4197916667 0.0167968750 0.0076388889
0 0.7839843750 0.4263888889 0.0148437500 0.0125000000
0 0.4556640625 0.4388888889 0.0425781250 0.0125000000
0 0.5541015625 0.4434027778 0.0121093750 0.0104166667
0 0.6011718750 0.4409722222 0.0070312500 0.0055555556
0 0.6394531250 0.4569444444 0.0187500000 0.0138888889
0 0.9121093750 0.4538194444 0.0156250000 0.0062500000
0 0.5064453125 0.4791666667 0.0144531250 0.0055555556
0 0.8488281250 0.4888888889 0.0187500000 0.0152777778
