0 0.0837890625 0.2357638889 0.0074218750 0.0048611111
0 0.8794921875 0.3024305556 0.0808593750 0.0270833333
0 0.2402343750 0.3107638889 0.0101562500 0.0076388889
0 0.2742187500 0.3125000000 0.0171875000 0.0083333333
0 0.7355468750 0.3954861111 0.0726562500 0.0423611111
0 0.5240234375 0.3829861111 0.0097656250 0.0076388889
0 0.4814453125 0.3996527778 0.0621093750 0.0298611111
0 0.8283203125 0.3993055556 0.0550781250 0.0291666667
0 0.7644531250 0.4017361111 0.0476562500 0.0312500000
0 0.6167968750 0.3975694444 0.0234375000 0.0131944444
0 0.5607421875 0.4024305556 0.0222656250 0.0159722222
0 0.2306640625 0.4107638889 0.0082031250 0.0062500000
0 0.6574218750 0.4177083333 0.0320312500 0.0145833333
0 0.5457031250 0.4260416667 0.0093750000 0.0076388889
0 0.5132812500 0.4635416667 0.0132812500 0.0090277778
0 0.5951171875 0.4701388889 0.0089843750 0.0055555556
0 0.5519531250 0.4763888889 0.0101562500 0.0083333333
0 0.2232421875 0.4760416667 0.0191406250 0.0048611111
0 0.1564453125 0.4961805556 0.0175781250 0.0076388889
