0 0.9074218750 0.2031250000 0.0250000000 0.0215277778
0 0.8218750000 0.2076388889 0.0250000000 0.0152777778
0 0.7423828125 0.2090277778 0.0464843750 0.0152777778
0 0.6818359375 0.2114583333 0.0402343750 0.0173611111
0 0.5390625000 0.2118055556 0.0351562500 0.0125000000
0 0.5958984375 0.2107638889 0.0394531250 0.0118055556
0 0.0880859375 0.2118055556 0.0160156250 0.0111111111
0 0.3660156250 0.2163194444 0.1601562500 0.0187500000
0 0.2439453125 0.2173611111 0.0644531250 0.0194444444
0 0.7845703125 0.2114583333 0.0074218750 0.0062500000
0 0.4826171875 0.2145833333 0.0503906250 0.0111111111
0 0.6343750000 0.2145833333 0.0164062500 0.0111111111
0 0.8474609375 0.3729166667 0.0230468750 0.0138888889
0 0.8808593750 0.3756944444 0.0140625000 0.0125000000
0 0.4089843750 0.4000000000 0.1226562500 0.0347222222
0 0.5810546875 0.4524305556 0.0113281250 0.0076388889
0 0.7273437500 0.4781250000 0.0906250000 0.0437500000
0 0.2679687500 0.4690972222 0.0101562500 0.0076388889
0 0.4560546875 0.4739583333 0.0269531250 0.0145833333
0 0.6591796875 0.4819444444 0.0207031250 0.0138888889
0 0.4988281250 0.4857638889 0.0320312500 0.0173611111
0 0.5406250000 0.4857638889 0.0296875000 0.0145833333
0 0.5980468750 0.4930555556 0.0164062500 0.0138888889
