0 0.6304687500 0.3024305556 0.0101562500 0.0090277778
0 0.2759765625 0.3045138889 0.0152343750 0.0090277778
0 0.5507812500 0.3062500000 0.0187500000 0.0138888889
0 0.4597656250 0.3072916667 0.0835937500 0.0131944444
0 0.5169921875 0.3041666667 0.0105468750 0.0055555556
0 0.2554687500 0.3236111111 0.0359375000 0.0319444444
0 0.3664062500 0.3121527778 0.0156250000 0.0090277778
0 0.8082031250 0.3899305556 0.1140625000 0.0576388889
0 0.4312500000 0.3760416667 0.0085937500 0.0076388889
0 0.8626953125 0.3836805556 0.0144531250 0.0118055556
0 0.7369140625 0.3944444444 0.0214843750 0.0180555556
0 0.4283203125 0.3958333333 0.0285156250 0.0152777778
0 0.7638671875 0.3951388889 0.0199218750 0.0138888889
0 0.5037109375 0.4024305556 0.0121093750 0.0104166667
0 0.4681640625 0.4045138889 0.0097656250 0.0048611111
0 0.5380859375 0.4173611111 0.0347656250 0.0194444444
0 0.7095703125 0.4180555556 0.0707031250 0.0208333333
0 0.4929687500 0.4184027778 0.0257812500 0.0173611111
0 0.5957031250 0.4260416667 0.0351562500 0.0187500000
0 0.4650390625 0.4263888889 0.0183593750 0.0069444444
0 0.8187500000 0.4607638889 0.0125000000 0.0076388889
0 0.8878906250 0.4635416667 0.0242187500 0.0131944444
0 0.7652343750 0.4625000000 0.0101562500 0.0083333333
0 0.5265625000 0.4680555556 0.0117187500 0.0069444444
0 0.8554687500 0.4711805556 0.0257812500 0.0131944444
0 0.5308593750 0.4784722222 0.0109375000 0.0083333333
0 0.8707031250 0.4833333333 0.0132812500 0.0111111111
0 0.8556640625 0.4871527778 0.0082031250 0.0048611111
