0 0.2972656250 0.1458333333 0.0250000000 0.0152777778
0 0.3361328125 0.1468750000 0.0277343750 0.0145833333
0 0.5062500000 0.1434027778 0.0125000000 0.0062500000
0 0.4089843750 0.1482638889 0.0132812500 0.0104166667
0 0.8599609375 0.3250000000 0.0207031250 0.0125000000
0 0.4546875000 0.3482638889 0.1718750000 0.0326388889
0 0.8734375000 0.3975694444 0.0195312500 0.0062500000
0 0.6345703125 0.4295138889 0.0300781250 0.0131944444
0 0.6695312500 0.4263888889 0.0101562500 0.0069444444
0 0.6953125000 0.4375000000 0.0343750000 0.0208333333
0 0.2285156250 0.4361111111 0.0140625000 0.0083333333
0 0.3166015625 0.4631944444 0.0136718750 0.0111111111
0 0.8341796875 0.4677083333 0.0121093750 0.0062500000
0 0.2781250000 0.4711805556 0.0117187500 0.0090277778
0 0.2228515625 0.4826388889 0.0183593750 0.0152777778
0 0.8380859375 0.4802083333 0.0183593750 0.0118055556
0 0.6332031250 0.4857638889 0.0132812500 0.0076388889
0 0.8468750000 0.4958333333 0.0109375000 0.0083333333
