0 0.1191406250 0.1440972222 0.0109375000 0.0062500000
0 0.8568359375 0.2708333333 0.0324218750 0.0138888889
0 0.4421875000 0.2944444444 0.1500000000 0.0305555556
0 0.2611328125 0.3031250000 0.0128906250 0.0090277778
0 0.3539062500 0.3055555556 0.0148437500 0.0125000000
0 0.2289062500 0.3277777778 0.0140625000 0.0125000000
0 0.8751953125 0.3423611111 0.0207031250 0.0069444444
0 0.6699218750 0.3715277778 0.0078125000 0.0069444444
0 0.6287109375 0.3750000000 0.0183593750 0.0111111111
0 0.6970703125 0.3822916667 0.0308593750 0.0201388889
0 0.2296875000 0.3805555556 0.0101562500 0.0083333333
0 0.8550781250 0.4100694444 0.0492187500 0.0326388889
0 0.2197265625 0.4277777778 0.0191406250 0.0166666667
0 0.6324218750 0.4309027778 0.0109375000 0.0062500000
0 0.8517578125 0.4416666667 0.0191406250 0.0125000000
0 0.8828125000 0.4694444444 0.0742187500 0.0611111111
0 0.6578125000 0.4666666667 0.0203125000 0.0125000000
0 0.8193359375 0.4739583333 0.0792968750 0.0256944444
0 0.7949218750 0.4697916667 0.0125000000 0.0062500000
0 0.6205078125 0.4756944444 0.0300781250 0.0097222222
0 0.5900390625 0.4815972222 0.0175781250 0.0076388889
0 0.7083984375 0.4826388889 0.0097656250 0.0083333333
0 0.2857421875 0.4916666667 0.0144531250 0.0111111111
0 0.1416015625 0.4968750000 0.0144531250 0.0062500000
