0 0.2138671875 0.1243055556 0.0105468750 0.0083333333
0 0.8263671875 0.2378472222 0.0324218750 0.0173611111
0 0.4802734375 0.2524305556 0.0488281250 0.0076388889
0 0.4001953125 0.2545138889 0.0183593750 0.0104166667
0 0.4203125000 0.2569444444 0.0070312500 0.0055555556
0 0.3332031250 0.3454861111 0.0312500000 0.0187500000
0 0.5580078125 0.3472222222 0.0402343750 0.0152777778
0 0.6210937500 0.3472222222 0.0132812500 0.0111111111
0 0.2277343750 0.3538194444 0.0093750000 0.0076388889
0 0.7714843750 0.3576388889 0.0156250000 0.0138888889
0 0.4113281250 0.3614583333 0.0164062500 0.0131944444
0 0.6722656250 0.3593750000 0.0093750000 0.0076388889
0 0.6863281250 0.3642361111 0.0335937500 0.0187500000
0 0.6421875000 0.3666666667 0.0304687500 0.0111111111
0 0.5318359375 0.3663194444 0.0160156250 0.0090277778
0 0.5605468750 0.3718750000 0.0070312500 0.0062500000
0 0.8630859375 0.3840277778 0.0214843750 0.0083333333
0 0.8957031250 0.4392361111 0.0148437500 0.0090277778
0 0.8363281250 0.4444444444 0.0140625000 0.0069444444
0 0.4632812500 0.4701388889 0.0218750000 0.0111111111
0 0.8580078125 0.4854166667 0.0191406250 0.0138888889
0 0.8115234375 0.4864583333 0.0097656250 0.0062500000
