0 0.8777343750 0.1677083333 0.0132812500 0.0118055556
0 0.8302734375 0.2930555556 0.0175781250 0.0097222222
0 0.6232421875 0.3024305556 0.0167968750 0.0104166667
0 0.6001953125 0.3013888889 0.0082031250 0.0055555556
0 0.4597656250 0.3076388889 0.0750000000 0.0152777778
0 0.2697265625 0.3048611111 0.0144531250 0.0083333333
0 0.5128906250 0.3045138889 0.0117187500 0.0048611111
0 0.2556640625 0.3142361111 0.0089843750 0.0076388889
0 0.3847656250 0.3142361111 0.0093750000 0.0062500000
0 0.4957031250 0.3725694444 0.0312500000 0.0173611111
0 0.4009765625 0.3711805556 0.0152343750 0.0076388889
0 0.4248046875 0.3753472222 0.0136718750 0.0118055556
0 0.7232421875 0.3965277778 0.0785156250 0.0527777778
0 0.8335937500 0.3930555556 0.1179687500 0.0402777778
0 0.4345703125 0.3909722222 0.0285156250 0.0166666667
0 0.4007812500 0.3968750000 0.0210937500 0.0187500000
0 0.4705078125 0.4076388889 0.0660156250 0.0305555556
0 0.5675781250 0.3993055556 0.0546875000 0.0138888889
0 0.5208984375 0.4159722222 0.0457031250 0.0222222222
0 0.7808593750 0.4208333333 0.0125000000 0.0111111111
0 0.7734375000 0.4322916667 0.0078125000 0.0048611111
0 0.8421875000 0.4562500000 0.0117187500 0.0097222222
0 0.8898437500 0.4649305556 0.0117187500 0.0076388889
0 0.8253906250 0.4888888889 0.0109375000 0.0083333333
0 0.8517578125 0.4861111111 0.0082031250 0.0041666667
