0 0.2099609375 0.1232638889 0.0113281250 0.0062500000
0 0.4892578125 0.1930555556 0.0300781250 0.0111111111
0 0.4285156250 0.1947916667 0.0390625000 0.0104166667
0 0.2283203125 0.2069444444 0.0371093750 0.0208333333
0 0.7972656250 0.2784722222 0.0617187500 0.0277777778
0 0.8546875000 0.2840277778 0.0523437500 0.0375000000
0 0.7542968750 0.2739583333 0.0132812500 0.0090277778
0 0.5003906250 0.2868055556 0.0187500000 0.0166666667
0 0.5369140625 0.2902777778 0.0136718750 0.0111111111
0 0.2398437500 0.2909722222 0.0203125000 0.0097222222
0 0.4345703125 0.2913194444 0.0121093750 0.0090277778
0 0.5623046875 0.2927083333 0.0160156250 0.0118055556
0 0.7048828125 0.3048611111 0.0410156250 0.0291666667
0 0.8017578125 0.3006944444 0.0191406250 0.0152777778
0 0.7710937500 0.3059027778 0.0210937500 0.0145833333
0 0.4548828125 0.3097222222 0.0917968750 0.0194444444
0 0.6615234375 0.3072916667 0.0214843750 0.0131944444
0 0.5886718750 0.3152777778 0.0171875000 0.0111111111
0 0.6179687500 0.3152777778 0.0109375000 0.0083333333
0 0.5451171875 0.4986111111 0.0175781250 0.0027777778
