0 0.8533203125 0.2940972222 0.0300781250 0.0173611111
0 0.5417968750 0.3041666667 0.0171875000 0.0083333333
0 0.4492187500 0.3065972222 0.0515625000 0.0104166667
0 0.5123046875 0.3038194444 0.0167968750 0.0048611111
0 0.3902343750 0.3104166667 0.0132812500 0.0097222222
0 0.2349609375 0.3274305556 0.0324218750 0.0159722222
0 0.8500000000 0.3447916667 0.0312500000 0.0201388889
0 0.3902343750 0.3600694444 0.0390625000 0.0340277778
0 0.4201171875 0.3909722222 0.0292968750 0.0166666667
0 0.7277343750 0.4083333333 0.0593750000 0.0513888889
0 0.5238281250 0.3940972222 0.0226562500 0.0201388889
0 0.3363281250 0.3940972222 0.0210937500 0.0173611111
0 0.3744140625 0.3937500000 0.0386718750 0.0125000000
0 0.4607421875 0.4010416667 0.0386718750 0.0187500000
0 0.6406250000 0.4027777778 0.0578125000 0.0180555556
0 0.5525390625 0.4173611111 0.0417968750 0.0236111111
0 0.4871093750 0.4177083333 0.0273437500 0.0215277778
0 0.6554687500 0.4236111111 0.0218750000 0.0194444444
0 0.8605468750 0.4482638889 0.0203125000 0.0104166667
0 0.2667968750 0.4611111111 0.0148437500 0.0083333333
0 0.2412109375 0.4618055556 0.0136718750 0.0083333333
0 0.8033203125 0.4732638889 0.0386718750 0.0187500000
0 0.8964843750 0.4826388889 0.0468750000 0.0347222222
0 0.8591796875 0.4864583333 0.0113281250 0.0076388889
