0 0.6312500000 0.2895833333 0.0085937500 0.0069444444
0 0.2751953125 0.2920138889 0.0144531250 0.0090277778
0 0.4455078125 0.2951388889 0.1097656250 0.0152777778
0 0.5158203125 0.2913194444 0.0097656250 0.0062500000
0 0.3664062500 0.2996527778 0.0171875000 0.0104166667
0 0.8085937500 0.3847222222 0.1140625000 0.0527777778
0 0.8628906250 0.3715277778 0.0148437500 0.0125000000
0 0.4279296875 0.3840277778 0.0277343750 0.0138888889
0 0.3912109375 0.3940972222 0.0277343750 0.0173611111
0 0.4972656250 0.4062500000 0.0328125000 0.0166666667
0 0.7003906250 0.4069444444 0.0500000000 0.0180555556
0 0.5425781250 0.4072916667 0.0242187500 0.0159722222
0 0.7398437500 0.4027777778 0.0101562500 0.0055555556
0 0.6000000000 0.4135416667 0.0359375000 0.0187500000
0 0.6357421875 0.4135416667 0.0253906250 0.0104166667
0 0.4662109375 0.4142361111 0.0152343750 0.0076388889
0 0.8220703125 0.4385416667 0.0089843750 0.0048611111
0 0.8468750000 0.4402777778 0.0109375000 0.0041666667
0 0.2306640625 0.4506944444 0.0136718750 0.0097222222
0 0.8941406250 0.4531250000 0.0125000000 0.0090277778
0 0.8638671875 0.4590277778 0.0410156250 0.0125000000
0 0.5013671875 0.4656250000 0.0152343750 0.0062500000
0 0.5308593750 0.4673611111 0.0125000000 0.0055555556
0 0.6359375000 0.4753472222 0.0109375000 0.0062500000
0 0.8304687500 0.4770833333 0.0156250000 0.0097222222
0 0.7685546875 0.4822916667 0.0238281250 0.0145833333
0 0.4427734375 0.4815972222 0.0097656250 0.0076388889
