0 0.2576171875 0.1475694444 0.0136718750 0.0048611111
0 0.6017578125 0.3548611111 0.0144531250 0.0069444444
0 0.6410156250 0.3583333333 0.0109375000 0.0097222222
0 0.8789062500 0.3562500000 0.0132812500 0.0055555556
0 0.5621093750 0.3590277778 0.0117187500 0.0083333333
0 0.2908203125 0.3649305556 0.0222656250 0.0104166667
0 0.2580078125 0.3774305556 0.0074218750 0.0062500000
0 0.5308593750 0.3937500000 0.0367187500 0.0180555556
0 0.4468750000 0.4107638889 0.0546875000 0.0243055556
0 0.4048828125 0.4295138889 0.0144531250 0.0104166667
0 0.4960937500 0.4371527778 0.0203125000 0.0173611111
0 0.8128906250 0.4437500000 0.0375000000 0.0250000000
0 0.9011718750 0.4597222222 0.0375000000 0.0333333333
0 0.3871093750 0.4527777778 0.0156250000 0.0138888889
0 0.4494140625 0.4534722222 0.0402343750 0.0138888889
0 0.5050781250 0.4583333333 0.0148437500 0.0111111111
0 0.6712890625 0.4708333333 0.0714843750 0.0250000000
0 0.6201171875 0.4628472222 0.0128906250 0.0062500000
0 0.5019531250 0.4725694444 0.1062500000 0.0229166667
0 0.7349609375 0.4715277778 0.0449218750 0.0194444444
0 0.5904296875 0.4760416667 0.0410156250 0.0173611111
0 0.9058593750 0.4836805556 0.0281250000 0.0090277778
