0 0.8734375000 0.2899305556 0.0445312500 0.0159722222
0 0.4550781250 0.2968750000 0.0335937500 0.0104166667
0 0.4880859375 0.2947916667 0.0097656250 0.0062500000
0 0.4179687500 0.2989583333 0.0242187500 0.0090277778
0 0.7669921875 0.3534722222 0.0183593750 0.0152777778
0 0.8824218750 0.3607638889 0.0171875000 0.0104166667
0 0.3968750000 0.3850694444 0.0906250000 0.0423611111
0 0.7937500000 0.3923611111 0.1046875000 0.0430555556
0 0.7888671875 0.3777777778 0.0199218750 0.0111111111
0 0.7302734375 0.3770833333 0.0128906250 0.0083333333
0 0.8619140625 0.3868055556 0.0269531250 0.0125000000
0 0.5626953125 0.3937500000 0.0261718750 0.0180555556
0 0.7294921875 0.3875000000 0.0097656250 0.0069444444
0 0.5314453125 0.3944444444 0.0160156250 0.0125000000
0 0.6257812500 0.3940972222 0.0109375000 0.0090277778
0 0.6859375000 0.3951388889 0.0132812500 0.0097222222
0 0.4535156250 0.4000000000 0.0140625000 0.0069444444
0 0.6509765625 0.4093750000 0.0300781250 0.0159722222
0 0.5513671875 0.4170138889 0.0292968750 0.0131944444
0 0.8835937500 0.4503472222 0.0257812500 0.0131944444
0 0.8601562500 0.4770833333 0.0117187500 0.0083333333
