0 0.1216796875 0.1454861111 0.0105468750 0.0076388889
0 0.9001953125 0.2826388889 0.0222656250 0.0138888889
0 0.8576171875 0.2857638889 0.0386718750 0.0173611111
0 0.9134765625 0.2944444444 0.0128906250 0.0097222222
0 0.4515625000 0.2989583333 0.0585937500 0.0118055556
0 0.5121093750 0.2958333333 0.0171875000 0.0055555556
0 0.3906250000 0.3017361111 0.0140625000 0.0104166667
0 0.2558593750 0.3052083333 0.0117187500 0.0062500000
0 0.8195312500 0.3770833333 0.2007812500 0.1486111111
0 0.2250000000 0.3177083333 0.0125000000 0.0062500000
0 0.8492187500 0.3371527778 0.0304687500 0.0187500000
0 0.8882812500 0.3576388889 0.0203125000 0.0152777778
0 0.5855468750 0.3697916667 0.0070312500 0.0062500000
0 0.4195312500 0.3819444444 0.0281250000 0.0180555556
0 0.5240234375 0.3850694444 0.0230468750 0.0201388889
0 0.7394531250 0.3822916667 0.0187500000 0.0118055556
0 0.3601562500 0.3857638889 0.0687500000 0.0173611111
0 0.4609375000 0.3934027778 0.0382812500 0.0201388889
0 0.6320312500 0.3947916667 0.0390625000 0.0187500000
0 0.7041015625 0.3906250000 0.0128906250 0.0090277778
0 0.5632812500 0.4097222222 0.0656250000 0.0263888889
0 0.4923828125 0.4111111111 0.0378906250 0.0236111111
0 0.6908203125 0.4131944444 0.0238281250 0.0180555556
0 0.6552734375 0.4152777778 0.0230468750 0.0194444444
0 0.8607421875 0.4395833333 0.0199218750 0.0111111111
0 0.2673828125 0.4517361111 0.0113281250 0.0090277778
0 0.2408203125 0.4541666667 0.0144531250 0.0069444444
0 0.8593750000 0.4784722222 0.0117187500 0.0083333333
