0 0.9001953125 0.1631944444 0.0394531250 0.0166666667
0 0.8375000000 0.1656250000 0.0226562500 0.0118055556
0 0.7789062500 0.1673611111 0.0203125000 0.0069444444
0 0.2464843750 0.3920138889 0.0195312500 0.0145833333
0 0.4929687500 0.4312500000 0.0164062500 0.0125000000
0 0.7542968750 0.4333333333 0.0195312500 0.0138888889
0 0.8027343750 0.4440972222 0.0609375000 0.0312500000
0 0.6728515625 0.4482638889 0.0121093750 0.0104166667
0 0.5593750000 0.4569444444 0.0312500000 0.0166666667
0 0.5898437500 0.4555555556 0.0125000000 0.0097222222
0 0.4755859375 0.4663194444 0.0371093750 0.0284722222
0 0.8408203125 0.4597222222 0.0113281250 0.0097222222
0 0.5173828125 0.4718750000 0.0347656250 0.0201388889
