0 0.6726562500 0.3361111111 0.0085937500 0.0055555556
0 0.4089843750 0.3541666667 0.1445312500 0.0347222222
0 0.5609375000 0.3968750000 0.0132812500 0.0076388889
0 0.7337890625 0.4246527778 0.0339843750 0.0243055556
0 0.5369140625 0.4329861111 0.0660156250 0.0215277778
0 0.6876953125 0.4312500000 0.0402343750 0.0194444444
0 0.6093750000 0.4388888889 0.0421875000 0.0319444444
0 0.5833984375 0.4430555556 0.0136718750 0.0097222222
0 0.6560546875 0.4534722222 0.0308593750 0.0236111111
0 0.8464843750 0.4833333333 0.0164062500 0.0097222222
0 0.8564453125 0.4965277778 0.0121093750 0.0069444444
