0 0.3132812500 0.1579861111 0.0078125000 0.0048611111
0 0.7890625000 0.2243055556 0.0125000000 0.0055555556
0 0.4107421875 0.2399305556 0.0175781250 0.0104166667
0 0.2615234375 0.2527777778 0.0433593750 0.0263888889
0 0.3789062500 0.2434027778 0.0093750000 0.0076388889
0 0.7654296875 0.3159722222 0.0191406250 0.0152777778
0 0.2242187500 0.3208333333 0.0187500000 0.0083333333
0 0.7949218750 0.3350694444 0.0453125000 0.0284722222
0 0.3412109375 0.3329861111 0.0363281250 0.0201388889
0 0.5601562500 0.3354166667 0.0203125000 0.0125000000
0 0.2388671875 0.3409722222 0.0121093750 0.0097222222
0 0.6867187500 0.3565972222 0.0234375000 0.0104166667
0 0.5712890625 0.3586805556 0.0128906250 0.0090277778
0 0.8751953125 0.3680555556 0.0207031250 0.0166666667
0 0.8691406250 0.4020833333 0.0117187500 0.0097222222
0 0.8488281250 0.4312500000 0.0140625000 0.0083333333
0 0.8708984375 0.4718750000 0.0191406250 0.0131944444
0 0.7597656250 0.4729166667 0.0085937500 0.0069444444
