0 0.2933593750 0.1239583333 0.0093750000 0.0076388889
0 0.8783203125 0.1291666667 0.0136718750 0.0097222222
0 0.2687500000 0.2045138889 0.0218750000 0.0118055556
0 0.8310546875 0.2565972222 0.0167968750 0.0062500000
0 0.6261718750 0.2638888889 0.0085937500 0.0069444444
0 0.2478515625 0.2972222222 0.0316406250 0.0152777778
0 0.4962890625 0.3361111111 0.0269531250 0.0152777778
0 0.7292968750 0.3552083333 0.0679687500 0.0451388889
0 0.8349609375 0.3552083333 0.1175781250 0.0395833333
0 0.5578125000 0.3614583333 0.0328125000 0.0118055556
0 0.4843750000 0.3715277778 0.0375000000 0.0291666667
0 0.4451171875 0.3715277778 0.0144531250 0.0111111111
0 0.5187500000 0.3784722222 0.0273437500 0.0208333333
0 0.8871093750 0.4767361111 0.0242187500 0.0145833333
0 0.8642578125 0.4888888889 0.0285156250 0.0222222222
0 0.9130859375 0.4968750000 0.0136718750 0.0062500000
