0 0.1707031250 0.1534722222 0.0101562500 0.0055555556
0 0.2136718750 0.1555555556 0.0210937500 0.0083333333
0 0.1207031250 0.1756944444 0.0187500000 0.0097222222
0 0.5242187500 0.3586805556 0.0281250000 0.0090277778
0 0.5867187500 0.3597222222 0.0078125000 0.0069444444
0 0.3058593750 0.3659722222 0.0539062500 0.0152777778
0 0.7080078125 0.4024305556 0.0464843750 0.0312500000
0 0.5515625000 0.3961805556 0.0359375000 0.0159722222
0 0.5130859375 0.4069444444 0.0464843750 0.0333333333
0 0.6271484375 0.4048611111 0.0472656250 0.0180555556
0 0.3859375000 0.4100694444 0.0437500000 0.0243055556
0 0.7726562500 0.4083333333 0.0093750000 0.0041666667
0 0.7197265625 0.4545138889 0.0425781250 0.0270833333
0 0.4449218750 0.4479166667 0.0070312500 0.0055555556
0 0.6708984375 0.4562500000 0.0339843750 0.0194444444
0 0.8039062500 0.4631944444 0.0921875000 0.0333333333
0 0.5300781250 0.4541666667 0.0304687500 0.0125000000
0 0.4632812500 0.4527777778 0.0148437500 0.0069444444
0 0.5871093750 0.4579861111 0.0289062500 0.0159722222
0 0.4273437500 0.4663194444 0.1046875000 0.0187500000
0 0.5664062500 0.4725694444 0.0742187500 0.0256944444
0 0.7070312500 0.4680555556 0.0257812500 0.0180555556
0 0.6757812500 0.4718750000 0.0289062500 0.0159722222
0 0.5060546875 0.4763888889 0.0292968750 0.0194444444
0 0.8912109375 0.4694444444 0.0105468750 0.0069444444
0 0.7257812500 0.4763888889 0.0093750000 0.0055555556
0 0.8832031250 0.4822916667 0.0179687500 0.0076388889
