0 0.8353515625 0.2579861111 0.0152343750 0.0118055556
0 0.2750000000 0.2677083333 0.0148437500 0.0076388889
0 0.4419921875 0.2684027778 0.0160156250 0.0076388889
0 0.3531250000 0.3434027778 0.0117187500 0.0090277778
0 0.8177734375 0.3600694444 0.0933593750 0.0437500000
0 0.8648437500 0.3475694444 0.0148437500 0.0118055556
0 0.2515625000 0.3576388889 0.0234375000 0.0125000000
0 0.3337890625 0.3645833333 0.0199218750 0.0152777778
0 0.4208984375 0.3621527778 0.0128906250 0.0090277778
0 0.6644531250 0.3645833333 0.0093750000 0.0083333333
0 0.7236328125 0.3798611111 0.0433593750 0.0166666667
0 0.4941406250 0.3812500000 0.0234375000 0.0152777778
0 0.6890625000 0.3836805556 0.0250000000 0.0159722222
0 0.8960937500 0.4291666667 0.0125000000 0.0083333333
0 0.8583984375 0.4503472222 0.0082031250 0.0062500000
0 0.8304687500 0.4534722222 0.0125000000 0.0097222222
0 0.7388671875 0.4572916667 0.0089843750 0.0062500000
0 0.4580078125 0.4642361111 0.0324218750 0.0118055556
0 0.8802734375 0.4854166667 0.0488281250 0.0291666667
