0 0.8320312500 0.2215277778 0.0218750000 0.0180555556
0 0.4210937500 0.2409722222 0.0070312500 0.0055555556
0 0.3330078125 0.3305555556 0.0308593750 0.0180555556
0 0.7935546875 0.3291666667 0.0191406250 0.0152777778
0 0.5496093750 0.3319444444 0.0234375000 0.0152777778
0 0.4939453125 0.3385416667 0.0175781250 0.0145833333
0 0.7716796875 0.3420138889 0.0152343750 0.0131944444
0 0.4113281250 0.3461805556 0.0156250000 0.0131944444
0 0.5292968750 0.3506944444 0.0078125000 0.0055555556
0 0.6787109375 0.3545138889 0.0105468750 0.0062500000
0 0.5599609375 0.3579861111 0.0082031250 0.0062500000
0 0.5900390625 0.3607638889 0.0074218750 0.0062500000
0 0.8613281250 0.4031250000 0.0187500000 0.0159722222
0 0.8964843750 0.4236111111 0.0148437500 0.0083333333
0 0.8369140625 0.4298611111 0.0144531250 0.0083333333
0 0.7480468750 0.4708333333 0.0093750000 0.0083333333
0 0.8121093750 0.4715277778 0.0093750000 0.0055555556
