0 0.7443359375 0.3892361111 0.0160156250 0.0118055556
0 0.8259765625 0.3885416667 0.0292968750 0.0090277778
0 0.5091796875 0.4010416667 0.2378906250 0.0201388889
0 0.6656250000 0.3965277778 0.0281250000 0.0083333333
0 0.3613281250 0.4090277778 0.0171875000 0.0111111111
0 0.7220703125 0.4368055556 0.0441406250 0.0347222222
0 0.8390625000 0.4385416667 0.0234375000 0.0201388889
0 0.8011718750 0.4458333333 0.0179687500 0.0097222222
0 0.4125000000 0.4645833333 0.0382812500 0.0208333333
0 0.3445312500 0.4694444444 0.0171875000 0.0125000000
0 0.5636718750 0.4732638889 0.0406250000 0.0173611111
0 0.6369140625 0.4774305556 0.0410156250 0.0201388889
0 0.8017578125 0.4847222222 0.0707031250 0.0305555556
0 0.9003906250 0.4847222222 0.0390625000 0.0305555556
0 0.4447265625 0.4833333333 0.0417968750 0.0152777778
0 0.6853515625 0.4854166667 0.0308593750 0.0166666667
0 0.7212890625 0.4871527778 0.0316406250 0.0187500000
0 0.6003906250 0.4854166667 0.0187500000 0.0138888889
0 0.4816406250 0.4934027778 0.0421875000 0.0131944444
0 0.5677734375 0.4916666667 0.0097656250 0.0083333333
0 0.4408203125 0.4965277778 0.0105468750 0.0069444444
