0 0.8632812500 0.2965277778 0.0093750000 0.0083333333
0 0.4634765625 0.3052083333 0.1207031250 0.0118055556
0 0.5404296875 0.3017361111 0.0121093750 0.0048611111
0 0.5740234375 0.3034722222 0.0097656250 0.0083333333
0 0.3847656250 0.3111111111 0.0109375000 0.0097222222
0 0.1931640625 0.3170138889 0.0253906250 0.0173611111
0 0.2275390625 0.3170138889 0.0238281250 0.0131944444
0 0.8464843750 0.3479166667 0.0242187500 0.0166666667
0 0.8986328125 0.3579861111 0.0425781250 0.0326388889
0 0.9128906250 0.3815972222 0.0140625000 0.0076388889
0 0.7326171875 0.3857638889 0.0300781250 0.0118055556
0 0.7880859375 0.3916666667 0.0214843750 0.0166666667
0 0.5222656250 0.3881944444 0.0109375000 0.0069444444
0 0.3699218750 0.4010416667 0.0593750000 0.0270833333
0 0.8734375000 0.3923611111 0.0125000000 0.0097222222
0 0.4941406250 0.3982638889 0.0289062500 0.0187500000
0 0.5439453125 0.4013888889 0.0566406250 0.0222222222
0 0.6287109375 0.4097222222 0.0613281250 0.0347222222
0 0.6873046875 0.4107638889 0.0402343750 0.0354166667
0 0.8558593750 0.4010416667 0.0304687500 0.0159722222
0 0.2453125000 0.4048611111 0.0109375000 0.0083333333
0 0.4607421875 0.4079861111 0.0175781250 0.0131944444
0 0.7642578125 0.4131944444 0.0542968750 0.0208333333
0 0.4613281250 0.4246527778 0.0539062500 0.0131944444
0 0.6060546875 0.4243055556 0.0167968750 0.0125000000
0 0.5435546875 0.4291666667 0.0347656250 0.0152777778
0 0.6722656250 0.4295138889 0.0101562500 0.0062500000
0 0.6425781250 0.4409722222 0.0125000000 0.0111111111
0 0.9125000000 0.4392361111 0.0148437500 0.0062500000
0 0.8921875000 0.4524305556 0.0093750000 0.0076388889
0 0.8494140625 0.4750000000 0.0191406250 0.0166666667
0 0.2119140625 0.4788194444 0.0089843750 0.0062500000
0 0.7640625000 0.4854166667 0.0101562500 0.0041666667
