0 0.8494140625 0.1631944444 0.0121093750 0.0069444444
0 0.2625000000 0.3715277778 0.0250000000 0.0111111111
0 0.8640625000 0.4444444444 0.0390625000 0.0319444444
0 0.7316406250 0.4375000000 0.0296875000 0.0152777778
0 0.3363281250 0.4562500000 0.0320312500 0.0208333333
0 0.5513671875 0.4590277778 0.0292968750 0.0180555556
0 0.4808593750 0.4649305556 0.0406250000 0.0201388889
0 0.6916015625 0.4625000000 0.0167968750 0.0138888889
0 0.6146484375 0.4614583333 0.0175781250 0.0104166667
0 0.4058593750 0.4694444444 0.0453125000 0.0236111111
0 0.5255859375 0.4753472222 0.0238281250 0.0090277778
0 0.8630859375 0.4961805556 0.0128906250 0.0076388889
