0 0.8470703125 0.2541666667 0.0113281250 0.0097222222
0 0.5144531250 0.2663194444 0.1656250000 0.0159722222
0 0.2855468750 0.2708333333 0.0492187500 0.0152777778
0 0.2500000000 0.2781250000 0.0117187500 0.0104166667
0 0.8039062500 0.3055555556 0.0265625000 0.0208333333
0 0.8757812500 0.3302083333 0.0101562500 0.0076388889
0 0.4505859375 0.3402777778 0.0128906250 0.0097222222
0 0.7933593750 0.3500000000 0.0492187500 0.0291666667
0 0.4238281250 0.3538194444 0.0289062500 0.0173611111
0 0.7085937500 0.3652777778 0.0335937500 0.0291666667
0 0.8449218750 0.3607638889 0.0429687500 0.0201388889
0 0.5662109375 0.3628472222 0.0121093750 0.0104166667
0 0.4787109375 0.3708333333 0.0238281250 0.0125000000
0 0.4423828125 0.3722222222 0.0105468750 0.0083333333
0 0.5175781250 0.3781250000 0.0250000000 0.0104166667
0 0.8691406250 0.3843750000 0.0085937500 0.0048611111
0 0.8800781250 0.3979166667 0.0250000000 0.0152777778
0 0.8552734375 0.4059027778 0.0105468750 0.0062500000
0 0.8894531250 0.4236111111 0.0367187500 0.0180555556
0 0.8560546875 0.4215277778 0.0128906250 0.0097222222
0 0.8750000000 0.4354166667 0.0148437500 0.0125000000
