0 0.8757812500 0.3211805556 0.0585937500 0.0145833333
0 0.3408203125 0.3180555556 0.0089843750 0.0055555556
0 0.2818359375 0.3312500000 0.0917968750 0.0291666667
0 0.7085937500 0.3684027778 0.0375000000 0.0215277778
0 0.5453125000 0.3798611111 0.0078125000 0.0069444444
0 0.8335937500 0.3868055556 0.0101562500 0.0083333333
0 0.4982421875 0.4048611111 0.0277343750 0.0138888889
0 0.7171875000 0.4149305556 0.0515625000 0.0312500000
0 0.7966796875 0.4086805556 0.0214843750 0.0131944444
0 0.4642578125 0.4322916667 0.0300781250 0.0159722222
0 0.6490234375 0.4295138889 0.0136718750 0.0104166667
0 0.4267578125 0.4333333333 0.0222656250 0.0152777778
0 0.6177734375 0.4295138889 0.0136718750 0.0076388889
0 0.9167968750 0.4333333333 0.0062500000 0.0055555556
0 0.8707031250 0.4472222222 0.0328125000 0.0277777778
0 0.6279296875 0.4392361111 0.0097656250 0.0076388889
0 0.8691406250 0.4690972222 0.0140625000 0.0090277778
0 0.8289062500 0.4836805556 0.0085937500 0.0062500000
0 0.8744140625 0.4854166667 0.0183593750 0.0097222222
