0 0.8523437500 0.2819444444 0.0320312500 0.0166666667
0 0.5343750000 0.2913194444 0.0187500000 0.0076388889
0 0.4337890625 0.2958333333 0.0644531250 0.0138888889
0 0.5058593750 0.2916666667 0.0132812500 0.0069444444
0 0.3804687500 0.2968750000 0.0203125000 0.0104166667
0 0.8183593750 0.3576388889 0.2031250000 0.1208333333
0 0.2136718750 0.3145833333 0.0218750000 0.0152777778
0 0.2373046875 0.3107638889 0.0097656250 0.0062500000
0 0.8472656250 0.3277777778 0.0164062500 0.0111111111
0 0.4148437500 0.3767361111 0.0335937500 0.0173611111
0 0.5166015625 0.3809027778 0.0238281250 0.0173611111
0 0.6958984375 0.3854166667 0.0128906250 0.0097222222
0 0.6398437500 0.3878472222 0.0226562500 0.0118055556
0 0.6076171875 0.3899305556 0.0207031250 0.0131944444
0 0.5566406250 0.4069444444 0.0812500000 0.0277777778
0 0.4740234375 0.4104166667 0.0699218750 0.0291666667
0 0.6546875000 0.4138888889 0.0437500000 0.0277777778
0 0.6062500000 0.4065972222 0.0117187500 0.0076388889
0 0.8488281250 0.4336805556 0.0101562500 0.0062500000
0 0.2609375000 0.4472222222 0.0109375000 0.0083333333
0 0.2341796875 0.4493055556 0.0136718750 0.0055555556
0 0.8050781250 0.4572916667 0.0195312500 0.0104166667
0 0.8771484375 0.4572916667 0.0152343750 0.0090277778
0 0.8394531250 0.4663194444 0.0273437500 0.0173611111
0 0.8509765625 0.4743055556 0.0121093750 0.0083333333
