0 0.4515625000 0.3336805556 0.1257812500 0.0173611111
0 0.5335937500 0.3319444444 0.0203125000 0.0138888889
0 0.5884765625 0.3288194444 0.0167968750 0.0076388889
0 0.6164062500 0.3298611111 0.0218750000 0.0111111111
0 0.3585937500 0.3406250000 0.0164062500 0.0118055556
0 0.2384765625 0.3496527778 0.0160156250 0.0104166667
0 0.4064453125 0.3982638889 0.0121093750 0.0048611111
0 0.4013671875 0.4170138889 0.0777343750 0.0409722222
0 0.7326171875 0.4131944444 0.0558593750 0.0319444444
0 0.8146484375 0.4170138889 0.0917968750 0.0326388889
0 0.5750000000 0.4083333333 0.0132812500 0.0083333333
0 0.6419921875 0.4135416667 0.0175781250 0.0104166667
0 0.6832031250 0.4166666667 0.0250000000 0.0152777778
0 0.5572265625 0.4236111111 0.0300781250 0.0152777778
0 0.4964843750 0.4322916667 0.0734375000 0.0270833333
0 0.4423828125 0.4277777778 0.0167968750 0.0083333333
0 0.6871093750 0.4340277778 0.0156250000 0.0083333333
0 0.6716796875 0.4451388889 0.0082031250 0.0069444444
0 0.4992187500 0.4468750000 0.0125000000 0.0062500000
0 0.7615234375 0.4527777778 0.0261718750 0.0166666667
0 0.6224609375 0.4548611111 0.0160156250 0.0069444444
0 0.4298828125 0.4805555556 0.0082031250 0.0041666667
