0 0.5917968750 0.2545138889 0.0164062500 0.0076388889
0 0.5478515625 0.2579861111 0.0113281250 0.0076388889
0 0.6310546875 0.2572916667 0.0097656250 0.0062500000
0 0.2748046875 0.2638888889 0.0214843750 0.0097222222
0 0.4255859375 0.2631944444 0.0128906250 0.0069444444
0 0.5058593750 0.2940972222 0.0093750000 0.0076388889
0 0.8238281250 0.3215277778 0.0109375000 0.0083333333
0 0.3886718750 0.3302083333 0.0171875000 0.0118055556
0 0.8021484375 0.3406250000 0.0316406250 0.0201388889
0 0.3144531250 0.3350694444 0.0093750000 0.0062500000
0 0.6884765625 0.3354166667 0.0214843750 0.0069444444
0 0.3474609375 0.3434027778 0.0175781250 0.0090277778
0 0.4376953125 0.3513888889 0.0253906250 0.0138888889
0 0.7064453125 0.3541666667 0.0160156250 0.0138888889
0 0.4921875000 0.3545138889 0.0117187500 0.0090277778
0 0.5464843750 0.3614583333 0.0140625000 0.0118055556
0 0.4869140625 0.3708333333 0.0628906250 0.0236111111
0 0.6691406250 0.3704861111 0.0531250000 0.0215277778
0 0.7146484375 0.3711805556 0.0222656250 0.0131944444
0 0.5783203125 0.3739583333 0.0378906250 0.0159722222
0 0.8437500000 0.4274305556 0.0093750000 0.0062500000
0 0.8712890625 0.4336805556 0.0121093750 0.0034722222
0 0.4677734375 0.4798611111 0.0292968750 0.0097222222
