0 0.3101562500 0.2774305556 0.0242187500 0.0159722222
0 0.4130859375 0.2822916667 0.0160156250 0.0090277778
0 0.2572265625 0.2944444444 0.0621093750 0.0305555556
0 0.4345703125 0.2829861111 0.0097656250 0.0048611111
0 0.3798828125 0.2854166667 0.0097656250 0.0069444444
0 0.2451171875 0.2881944444 0.0121093750 0.0083333333
0 0.7800781250 0.3708333333 0.0726562500 0.0430555556
0 0.3421875000 0.3750000000 0.0375000000 0.0208333333
0 0.5591796875 0.3763888889 0.0175781250 0.0125000000
0 0.2410156250 0.3829861111 0.0117187500 0.0104166667
0 0.6927734375 0.3993055556 0.0144531250 0.0083333333
0 0.5722656250 0.4013888889 0.0117187500 0.0083333333
0 0.8703125000 0.4104166667 0.0304687500 0.0166666667
0 0.2865234375 0.4173611111 0.0113281250 0.0069444444
0 0.8630859375 0.4409722222 0.0207031250 0.0097222222
0 0.8730468750 0.4513888889 0.0156250000 0.0125000000
0 0.4855468750 0.4704861111 0.0203125000 0.0090277778
0 0.8550781250 0.4756944444 0.0296875000 0.0152777778
0 0.2710937500 0.4770833333 0.0140625000 0.0111111111
0 0.8685546875 0.4809027778 0.0105468750 0.0048611111
