0 0.8310546875 0.3041666667 0.1066406250 0.0152777778
0 0.3111328125 0.3149305556 0.0253906250 0.0145833333
0 0.2568359375 0.3305555556 0.0675781250 0.0347222222
0 0.5345703125 0.3163194444 0.0074218750 0.0048611111
0 0.4132812500 0.3201388889 0.0171875000 0.0097222222
0 0.5091796875 0.3187500000 0.0113281250 0.0055555556
0 0.3810546875 0.3229166667 0.0097656250 0.0069444444
0 0.4626953125 0.3781250000 0.0136718750 0.0090277778
0 0.3921875000 0.3885416667 0.0164062500 0.0104166667
0 0.7792968750 0.4090277778 0.0734375000 0.0444444444
0 0.5214843750 0.4000000000 0.0132812500 0.0097222222
0 0.3441406250 0.4128472222 0.0382812500 0.0215277778
0 0.5595703125 0.4142361111 0.0207031250 0.0159722222
0 0.4789062500 0.4180555556 0.0109375000 0.0097222222
0 0.4269531250 0.4267361111 0.0281250000 0.0215277778
0 0.3968750000 0.4277777778 0.0304687500 0.0194444444
0 0.6882812500 0.4336805556 0.0687500000 0.0173611111
0 0.5361328125 0.4329861111 0.0175781250 0.0131944444
0 0.5710937500 0.4388888889 0.0125000000 0.0083333333
0 0.6208984375 0.4451388889 0.0113281250 0.0083333333
0 0.8728515625 0.4500000000 0.0222656250 0.0138888889
0 0.2886718750 0.4555555556 0.0125000000 0.0083333333
0 0.2322265625 0.4670138889 0.0183593750 0.0159722222
0 0.5419921875 0.4677083333 0.0074218750 0.0062500000
0 0.5871093750 0.4736111111 0.0156250000 0.0111111111
0 0.8656250000 0.4847222222 0.0273437500 0.0180555556
