0 0.9015625000 0.1635416667 0.0367187500 0.0215277778
0 0.8171875000 0.3510416667 0.0296875000 0.0187500000
0 0.4076171875 0.3659722222 0.0121093750 0.0083333333
0 0.2310546875 0.3722222222 0.0175781250 0.0152777778
0 0.8654296875 0.4104166667 0.0738281250 0.0500000000
0 0.3482421875 0.4427083333 0.0261718750 0.0118055556
0 0.7730468750 0.4593750000 0.1187500000 0.0451388889
0 0.4500000000 0.4479166667 0.0132812500 0.0083333333
0 0.5244140625 0.4579861111 0.0917968750 0.0270833333
0 0.5771484375 0.4482638889 0.0089843750 0.0076388889
0 0.3603515625 0.4607638889 0.0449218750 0.0187500000
0 0.6064453125 0.4593750000 0.0207031250 0.0131944444
0 0.6857421875 0.4607638889 0.0246093750 0.0145833333
0 0.7205078125 0.4586805556 0.0082031250 0.0062500000
0 0.4279296875 0.4666666667 0.0222656250 0.0180555556
0 0.5664062500 0.4708333333 0.0078125000 0.0055555556
0 0.6781250000 0.4777777778 0.0218750000 0.0194444444
0 0.4798828125 0.4812500000 0.0535156250 0.0208333333
0 0.6400390625 0.4774305556 0.0332031250 0.0131944444
0 0.7136718750 0.4795138889 0.0250000000 0.0173611111
0 0.4080078125 0.4763888889 0.0207031250 0.0097222222
0 0.6041015625 0.4843750000 0.0175781250 0.0090277778
0 0.5828125000 0.4850694444 0.0085937500 0.0076388889
