0 0.5367187500 0.3100694444 0.0609375000 0.0104166667
0 0.5791015625 0.3079861111 0.0074218750 0.0062500000
0 0.4916015625 0.3111111111 0.0121093750 0.0055555556
0 0.2585937500 0.3256944444 0.1203125000 0.0333333333
0 0.3949218750 0.3156250000 0.0070312500 0.0062500000
0 0.3679687500 0.3631944444 0.0257812500 0.0138888889
0 0.7677734375 0.3857638889 0.0535156250 0.0215277778
0 0.3125000000 0.3798611111 0.0093750000 0.0069444444
0 0.3414062500 0.3871527778 0.0265625000 0.0229166667
0 0.3695312500 0.3861111111 0.0187500000 0.0152777778
0 0.6820312500 0.3871527778 0.0179687500 0.0159722222
0 0.4634765625 0.3951388889 0.0972656250 0.0222222222
0 0.5275390625 0.3913194444 0.0097656250 0.0076388889
0 0.5736328125 0.4017361111 0.0308593750 0.0215277778
0 0.6089843750 0.4020833333 0.0062500000 0.0055555556
0 0.7687500000 0.4177083333 0.0367187500 0.0312500000
0 0.3294921875 0.4090277778 0.0128906250 0.0069444444
0 0.5255859375 0.4079861111 0.0097656250 0.0062500000
0 0.4837890625 0.4215277778 0.0371093750 0.0152777778
0 0.8058593750 0.4225694444 0.0242187500 0.0131944444
0 0.7109375000 0.4364583333 0.0218750000 0.0131944444
0 0.8904296875 0.4496527778 0.0144531250 0.0118055556
0 0.4810546875 0.4725694444 0.0113281250 0.0062500000
0 0.8556640625 0.4902777778 0.0183593750 0.0138888889
0 0.8021484375 0.4913194444 0.0113281250 0.0048611111
