0 0.2398437500 0.1927083333 0.0617187500 0.0354166667
0 0.4328125000 0.1857638889 0.0093750000 0.0062500000
0 0.3947265625 0.1878472222 0.0121093750 0.0076388889
0 0.8099609375 0.2753472222 0.0386718750 0.0298611111
0 0.3783203125 0.2708333333 0.0121093750 0.0097222222
0 0.5283203125 0.2743055556 0.0214843750 0.0083333333
0 0.7591796875 0.2892361111 0.0464843750 0.0284722222
0 0.4140625000 0.3041666667 0.0578125000 0.0277777778
0 0.5679687500 0.3045138889 0.0617187500 0.0270833333
0 0.6595703125 0.3038194444 0.0222656250 0.0159722222
0 0.6994140625 0.3059027778 0.0246093750 0.0159722222
0 0.6437500000 0.3180555556 0.0117187500 0.0083333333
0 0.4689453125 0.3291666667 0.0300781250 0.0222222222
0 0.8261718750 0.3465277778 0.0093750000 0.0083333333
0 0.5332031250 0.3822916667 0.0257812500 0.0118055556
0 0.2279296875 0.4052083333 0.0160156250 0.0076388889
