0 0.2294921875 0.1239583333 0.0089843750 0.0076388889
0 0.2605468750 0.2472222222 0.0843750000 0.0333333333
0 0.4154296875 0.2361111111 0.0121093750 0.0069444444
0 0.3943359375 0.2402777778 0.0097656250 0.0069444444
0 0.8726562500 0.3156250000 0.0210937500 0.0159722222
0 0.7619140625 0.3204861111 0.0230468750 0.0201388889
0 0.8052734375 0.3302083333 0.0566406250 0.0270833333
0 0.4019531250 0.3357638889 0.0343750000 0.0187500000
0 0.5576171875 0.3409722222 0.0402343750 0.0194444444
0 0.6152343750 0.3378472222 0.0132812500 0.0090277778
0 0.5013671875 0.3413194444 0.0160156250 0.0131944444
0 0.6505859375 0.3493055556 0.0207031250 0.0166666667
0 0.8427734375 0.3666666667 0.0089843750 0.0055555556
0 0.8666015625 0.3888888889 0.0121093750 0.0083333333
0 0.8160156250 0.4104166667 0.0101562500 0.0083333333
0 0.8433593750 0.4201388889 0.0218750000 0.0166666667
