0 0.8230468750 0.3041666667 0.0179687500 0.0152777778
0 0.6587890625 0.3121527778 0.0097656250 0.0076388889
0 0.5421875000 0.3156250000 0.0156250000 0.0131944444
0 0.5845703125 0.3142361111 0.0191406250 0.0090277778
0 0.2669921875 0.3156250000 0.0144531250 0.0090277778
0 0.4349609375 0.3166666667 0.0300781250 0.0125000000
0 0.4863281250 0.3177083333 0.0546875000 0.0131944444
0 0.3580078125 0.3236111111 0.0167968750 0.0097222222
0 0.7931640625 0.3996527778 0.1035156250 0.0368055556
0 0.4953125000 0.3895833333 0.0265625000 0.0111111111
0 0.7224609375 0.4038194444 0.0316406250 0.0243055556
0 0.6357421875 0.4000000000 0.0277343750 0.0152777778
0 0.4761718750 0.4149305556 0.0554687500 0.0409722222
0 0.4111328125 0.4048611111 0.0464843750 0.0166666667
0 0.2412109375 0.4111111111 0.0285156250 0.0250000000
0 0.3750000000 0.4128472222 0.0257812500 0.0229166667
0 0.5550781250 0.4111111111 0.0257812500 0.0111111111
0 0.7066406250 0.4229166667 0.0570312500 0.0208333333
0 0.2070312500 0.4166666667 0.0125000000 0.0041666667
0 0.2927734375 0.4187500000 0.0121093750 0.0055555556
0 0.5197265625 0.4225694444 0.0191406250 0.0131944444
0 0.6775390625 0.4305555556 0.0253906250 0.0152777778
0 0.5375000000 0.4309027778 0.0171875000 0.0118055556
0 0.5691406250 0.4277777778 0.0132812500 0.0069444444
0 0.5927734375 0.4309027778 0.0167968750 0.0118055556
0 0.4548828125 0.4375000000 0.0136718750 0.0069444444
0 0.8324218750 0.4420138889 0.0210937500 0.0104166667
0 0.7669921875 0.4416666667 0.0082031250 0.0055555556
0 0.2871093750 0.4475694444 0.0109375000 0.0062500000
0 0.7712890625 0.4538194444 0.0160156250 0.0048611111
0 0.4287109375 0.4652777778 0.0089843750 0.0055555556
0 0.4611328125 0.4663194444 0.0082031250 0.0062500000
0 0.7550781250 0.4739583333 0.0117187500 0.0090277778
0 0.8830078125 0.4756944444 0.0121093750 0.0083333333
0 0.5193359375 0.4763888889 0.0128906250 0.0069444444
0 0.4867187500 0.4781250000 0.0101562500 0.0076388889
0 0.8609375000 0.4809027778 0.0257812500 0.0118055556
