0 0.8468750000 0.2708333333 0.0453125000 0.0180555556
0 0.3941406250 0.2892361111 0.0242187500 0.0118055556
0 0.4923828125 0.2881944444 0.0160156250 0.0083333333
0 0.4230468750 0.2906250000 0.0132812500 0.0062500000
0 0.2355468750 0.3059027778 0.0250000000 0.0215277778
0 0.4044921875 0.3298611111 0.0160156250 0.0138888889
0 0.7642578125 0.3659722222 0.0175781250 0.0125000000
0 0.8218750000 0.3819444444 0.0835937500 0.0347222222
0 0.7460937500 0.3739583333 0.0117187500 0.0076388889
0 0.5556640625 0.3815972222 0.0457031250 0.0173611111
0 0.6882812500 0.3895833333 0.0453125000 0.0194444444
0 0.7382812500 0.3854166667 0.0164062500 0.0069444444
0 0.4958984375 0.3913194444 0.0457031250 0.0173611111
0 0.2265625000 0.3888888889 0.0101562500 0.0083333333
0 0.9089843750 0.3927083333 0.0218750000 0.0118055556
0 0.8595703125 0.4180555556 0.0222656250 0.0138888889
0 0.2718750000 0.4225694444 0.0101562500 0.0062500000
0 0.8529296875 0.4489583333 0.0113281250 0.0062500000
0 0.4677734375 0.4767361111 0.0136718750 0.0076388889
0 0.8314453125 0.4791666667 0.0175781250 0.0083333333
0 0.8746093750 0.4847222222 0.0289062500 0.0138888889
0 0.8539062500 0.4871527778 0.0101562500 0.0048611111
