0 0.1740234375 0.1229166667 0.0136718750 0.0055555556
0 0.2318359375 0.1250000000 0.0449218750 0.0097222222
0 0.2792968750 0.1225694444 0.0171875000 0.0048611111
0 0.3935546875 0.2229166667 0.0097656250 0.0055555556
0 0.8488281250 0.2631944444 0.0085937500 0.0069444444
0 0.8984375000 0.2743055556 0.0257812500 0.0083333333
0 0.2878906250 0.2829861111 0.0789062500 0.0229166667
0 0.3693359375 0.3052083333 0.0558593750 0.0312500000
0 0.3710937500 0.3274305556 0.0312500000 0.0131944444
0 0.4175781250 0.3493055556 0.0117187500 0.0083333333
0 0.7960937500 0.3559027778 0.0148437500 0.0104166667
0 0.2339843750 0.3666666667 0.0187500000 0.0166666667
0 0.4324218750 0.3746527778 0.0132812500 0.0076388889
0 0.8646484375 0.4083333333 0.0261718750 0.0180555556
0 0.5869140625 0.4267361111 0.0113281250 0.0076388889
0 0.8621093750 0.4312500000 0.0210937500 0.0083333333
0 0.6582031250 0.4708333333 0.0101562500 0.0069444444
0 0.7181640625 0.4708333333 0.0105468750 0.0055555556
0 0.8417968750 0.4861111111 0.0109375000 0.0083333333
