0 0.2152343750 0.1250000000 0.0242187500 0.0097222222
0 0.8740234375 0.2520833333 0.0425781250 0.0166666667
0 0.5769531250 0.2559027778 0.0085937500 0.0076388889
0 0.4619140625 0.2604166667 0.0488281250 0.0097222222
0 0.4171875000 0.2621527778 0.0218750000 0.0104166667
0 0.7675781250 0.3156250000 0.0179687500 0.0159722222
0 0.4755859375 0.3142361111 0.0160156250 0.0076388889
0 0.8738281250 0.3256944444 0.0125000000 0.0055555556
0 0.7902343750 0.3406250000 0.0203125000 0.0104166667
0 0.7921875000 0.3572916667 0.1000000000 0.0395833333
0 0.8634765625 0.3503472222 0.0269531250 0.0131944444
0 0.4222656250 0.3565972222 0.0382812500 0.0215277778
0 0.5619140625 0.3562500000 0.0253906250 0.0166666667
0 0.5308593750 0.3569444444 0.0171875000 0.0125000000
0 0.6257812500 0.3579861111 0.0132812500 0.0090277778
0 0.6865234375 0.3593750000 0.0113281250 0.0076388889
0 0.4525390625 0.3628472222 0.0136718750 0.0076388889
0 0.6525390625 0.3718750000 0.0269531250 0.0131944444
0 0.5472656250 0.3819444444 0.0109375000 0.0097222222
0 0.8886718750 0.4135416667 0.0179687500 0.0118055556
0 0.8638671875 0.4857638889 0.0261718750 0.0229166667
0 0.7091796875 0.4819444444 0.0136718750 0.0083333333
