0 0.2484375000 0.1305555556 0.0148437500 0.0125000000
0 0.8792968750 0.2583333333 0.0812500000 0.0277777778
0 0.2371093750 0.2670138889 0.0101562500 0.0076388889
0 0.2666015625 0.2704861111 0.0097656250 0.0076388889
0 0.7632812500 0.3357638889 0.0140625000 0.0118055556
0 0.7283203125 0.3461805556 0.0316406250 0.0243055556
0 0.8279296875 0.3555555556 0.0558593750 0.0291666667
0 0.7722656250 0.3493055556 0.0296875000 0.0125000000
0 0.5591796875 0.3586805556 0.0230468750 0.0159722222
0 0.7558593750 0.3659722222 0.0320312500 0.0166666667
0 0.6527343750 0.3750000000 0.0226562500 0.0125000000
0 0.8597656250 0.4333333333 0.0281250000 0.0250000000
0 0.8853515625 0.4569444444 0.0066406250 0.0055555556
0 0.8275390625 0.4670138889 0.0082031250 0.0062500000
0 0.8833984375 0.4753472222 0.0089843750 0.0062500000
0 0.8660156250 0.4888888889 0.0273437500 0.0222222222
