0 0.2335937500 0.1229166667 0.0343750000 0.0055555556
0 0.8630859375 0.2243055556 0.0300781250 0.0097222222
0 0.4617187500 0.2288194444 0.0250000000 0.0076388889
0 0.4232421875 0.2312500000 0.0285156250 0.0097222222
0 0.3828125000 0.2364583333 0.0101562500 0.0076388889
0 0.1941406250 0.2416666667 0.0351562500 0.0138888889
0 0.7363281250 0.3118055556 0.0234375000 0.0125000000
0 0.4468750000 0.3121527778 0.0101562500 0.0090277778
0 0.7904296875 0.3159722222 0.0191406250 0.0138888889
0 0.8761718750 0.3163194444 0.0125000000 0.0104166667
0 0.3763671875 0.3263888889 0.0402343750 0.0277777778
0 0.5570312500 0.3281250000 0.0273437500 0.0145833333
0 0.6960937500 0.3246527778 0.0117187500 0.0090277778
0 0.5248046875 0.3274305556 0.0167968750 0.0118055556
0 0.8667968750 0.3277777778 0.0117187500 0.0097222222
0 0.7517578125 0.3368055556 0.0105468750 0.0069444444
0 0.6441406250 0.3409722222 0.0328125000 0.0111111111
0 0.9160156250 0.3388888889 0.0078125000 0.0069444444
0 0.4533203125 0.3482638889 0.0402343750 0.0118055556
0 0.6400390625 0.3666666667 0.0152343750 0.0097222222
