0 0.2656250000 0.2909722222 0.0148437500 0.0097222222
0 0.4117187500 0.2986111111 0.0578125000 0.0222222222
0 0.2373046875 0.3128472222 0.0464843750 0.0368055556
0 0.8050781250 0.3506944444 0.0101562500 0.0083333333
0 0.3697265625 0.3885416667 0.0230468750 0.0159722222
0 0.8339843750 0.4218750000 0.0226562500 0.0173611111
0 0.8791015625 0.4486111111 0.0238281250 0.0138888889
0 0.8546875000 0.4545138889 0.0414062500 0.0187500000
0 0.4677734375 0.4711805556 0.0433593750 0.0201388889
0 0.5173828125 0.4666666667 0.0175781250 0.0083333333
0 0.8615234375 0.4690972222 0.0144531250 0.0118055556
0 0.8878906250 0.4805555556 0.0335937500 0.0222222222
0 0.8197265625 0.4760416667 0.0128906250 0.0104166667
0 0.7537109375 0.4791666667 0.0128906250 0.0097222222
0 0.8843750000 0.4968750000 0.0179687500 0.0062500000
