0 0.2300781250 0.1239583333 0.0101562500 0.0076388889
0 0.9169921875 0.1982638889 0.0058593750 0.0048611111
0 0.8667968750 0.2065972222 0.0335937500 0.0173611111
0 0.9011718750 0.2052083333 0.0179687500 0.0118055556
0 0.2357421875 0.2270833333 0.0699218750 0.0361111111
0 0.4347656250 0.2180555556 0.0132812500 0.0069444444
0 0.3947265625 0.2211805556 0.0113281250 0.0076388889
0 0.3707031250 0.2798611111 0.0273437500 0.0180555556
0 0.7914062500 0.3159722222 0.1320312500 0.0500000000
0 0.3439453125 0.3086805556 0.0230468750 0.0201388889
0 0.3787109375 0.3038194444 0.0128906250 0.0104166667
0 0.5292968750 0.3079861111 0.0234375000 0.0118055556
0 0.4074218750 0.3361111111 0.0718750000 0.0277777778
0 0.4847656250 0.3270833333 0.0125000000 0.0111111111
0 0.5466796875 0.3298611111 0.0183593750 0.0125000000
0 0.6988281250 0.3381944444 0.0265625000 0.0194444444
0 0.6632812500 0.3388888889 0.0242187500 0.0111111111
0 0.5828125000 0.3409722222 0.0312500000 0.0125000000
0 0.4701171875 0.3631944444 0.0332031250 0.0222222222
0 0.8687500000 0.3600694444 0.0195312500 0.0104166667
0 0.5320312500 0.4170138889 0.0257812500 0.0104166667
0 0.4109375000 0.4215277778 0.0109375000 0.0041666667
0 0.2292968750 0.4378472222 0.0195312500 0.0090277778
0 0.2679687500 0.4406250000 0.0109375000 0.0090277778
