0 0.8785156250 0.3159722222 0.0828125000 0.0333333333
0 0.6115234375 0.3166666667 0.0246093750 0.0138888889
0 0.4943359375 0.3177083333 0.0394531250 0.0131944444
0 0.6597656250 0.3138888889 0.0070312500 0.0055555556
0 0.6953125000 0.3145833333 0.0257812500 0.0083333333
0 0.5712890625 0.3163194444 0.0402343750 0.0090277778
0 0.3134765625 0.3194444444 0.0144531250 0.0083333333
0 0.2740234375 0.3274305556 0.0480468750 0.0187500000
0 0.4085937500 0.3236111111 0.0148437500 0.0083333333
0 0.2414062500 0.3371527778 0.0234375000 0.0159722222
0 0.5406250000 0.3486111111 0.0312500000 0.0180555556
0 0.5947265625 0.3652777778 0.0558593750 0.0375000000
0 0.8453125000 0.3597222222 0.0289062500 0.0208333333
0 0.5097656250 0.3725694444 0.0382812500 0.0229166667
0 0.3962890625 0.3819444444 0.0160156250 0.0125000000
0 0.6449218750 0.3805555556 0.0148437500 0.0083333333
0 0.5662109375 0.3885416667 0.0183593750 0.0118055556
0 0.8529296875 0.4048611111 0.0636718750 0.0402777778
0 0.4712890625 0.3895833333 0.0082031250 0.0069444444
0 0.7291015625 0.3916666667 0.0207031250 0.0097222222
0 0.7539062500 0.3989583333 0.0164062500 0.0076388889
0 0.4486328125 0.4072916667 0.0355468750 0.0159722222
0 0.5333984375 0.4204861111 0.0636718750 0.0326388889
0 0.7017578125 0.4197916667 0.0261718750 0.0215277778
0 0.3960937500 0.4201388889 0.0210937500 0.0180555556
0 0.6267578125 0.4246527778 0.1074218750 0.0284722222
0 0.4251953125 0.4225694444 0.0261718750 0.0159722222
0 0.4765625000 0.4315972222 0.0453125000 0.0215277778
0 0.8626953125 0.4395833333 0.0175781250 0.0069444444
0 0.5976562500 0.4489583333 0.0234375000 0.0118055556
0 0.5234375000 0.4753472222 0.0125000000 0.0048611111
0 0.7802734375 0.4829861111 0.0097656250 0.0062500000
0 0.9072265625 0.4899305556 0.0253906250 0.0201388889
