0 0.9119140625 0.1500000000 0.0160156250 0.0125000000
0 0.0865234375 0.1604166667 0.0128906250 0.0055555556
0 0.5853515625 0.1628472222 0.0082031250 0.0048611111
0 0.6113281250 0.3520833333 0.0125000000 0.0055555556
0 0.4310546875 0.3569444444 0.0441406250 0.0083333333
0 0.4744140625 0.3555555556 0.0167968750 0.0069444444
0 0.8755859375 0.3913194444 0.0152343750 0.0118055556
0 0.4044921875 0.4218750000 0.0089843750 0.0076388889
0 0.7285156250 0.4378472222 0.0437500000 0.0159722222
0 0.3728515625 0.4489583333 0.0550781250 0.0326388889
0 0.7890625000 0.4420138889 0.0218750000 0.0173611111
0 0.5162109375 0.4378472222 0.0105468750 0.0076388889
0 0.4527343750 0.4399305556 0.0148437500 0.0090277778
0 0.4740234375 0.4524305556 0.0660156250 0.0256944444
0 0.4205078125 0.4534722222 0.0394531250 0.0208333333
0 0.6152343750 0.4510416667 0.0304687500 0.0173611111
0 0.5548828125 0.4565972222 0.0738281250 0.0243055556
0 0.6832031250 0.4513888889 0.0429687500 0.0152777778
0 0.2490234375 0.4559027778 0.0105468750 0.0048611111
0 0.6449218750 0.4680555556 0.0281250000 0.0194444444
0 0.6189453125 0.4697916667 0.0128906250 0.0104166667
0 0.4511718750 0.4718750000 0.0132812500 0.0090277778
0 0.5464843750 0.4777777778 0.0273437500 0.0111111111
0 0.5818359375 0.4739583333 0.0074218750 0.0048611111
0 0.6734375000 0.4777777778 0.0093750000 0.0069444444
