0 0.2138671875 0.1232638889 0.0089843750 0.0062500000
0 0.2328125000 0.1291666667 0.0085937500 0.0069444444
0 0.8542968750 0.2350694444 0.0328125000 0.0173611111
0 0.4406250000 0.2475694444 0.0523437500 0.0131944444
0 0.3796875000 0.2506944444 0.0203125000 0.0111111111
0 0.8347656250 0.3142361111 0.1703125000 0.1340277778
0 0.2466796875 0.2527777778 0.0105468750 0.0069444444
0 0.2248046875 0.2649305556 0.0316406250 0.0104166667
0 0.4126953125 0.3298611111 0.0300781250 0.0152777778
0 0.5166015625 0.3329861111 0.0222656250 0.0159722222
0 0.3646484375 0.3329861111 0.0183593750 0.0145833333
0 0.6355468750 0.3392361111 0.0109375000 0.0090277778
0 0.6085937500 0.3430555556 0.0164062500 0.0111111111
0 0.5144531250 0.3572916667 0.0640625000 0.0173611111
0 0.6527343750 0.3652777778 0.0382812500 0.0250000000
0 0.4568359375 0.3684027778 0.0378906250 0.0187500000
0 0.5585937500 0.3649305556 0.0187500000 0.0118055556
0 0.8521484375 0.3868055556 0.0121093750 0.0083333333
0 0.8123046875 0.4086805556 0.0089843750 0.0076388889
0 0.8798828125 0.4111111111 0.0152343750 0.0111111111
0 0.2562500000 0.4697916667 0.0101562500 0.0076388889
0 0.8304687500 0.4968750000 0.0117187500 0.0062500000
