0 0.2058593750 0.1583333333 0.0281250000 0.0236111111
0 0.5191406250 0.3486111111 0.0460937500 0.0111111111
0 0.2919921875 0.3552083333 0.0566406250 0.0201388889
0 0.4689453125 0.3545138889 0.0285156250 0.0173611111
0 0.8595703125 0.3510416667 0.0191406250 0.0118055556
0 0.4255859375 0.3531250000 0.0246093750 0.0104166667
0 0.3892578125 0.3576388889 0.0230468750 0.0111111111
0 0.2505859375 0.3704861111 0.0246093750 0.0131944444
0 0.4867187500 0.3791666667 0.0265625000 0.0152777778
0 0.5423828125 0.3885416667 0.0535156250 0.0215277778
0 0.6263671875 0.3871527778 0.0136718750 0.0118055556
0 0.7957031250 0.3861111111 0.0179687500 0.0097222222
0 0.8197265625 0.3961805556 0.0152343750 0.0118055556
0 0.7923828125 0.3947916667 0.0074218750 0.0062500000
0 0.4214843750 0.4041666667 0.0156250000 0.0125000000
0 0.8373046875 0.4218750000 0.0167968750 0.0145833333
0 0.4763671875 0.4482638889 0.1371093750 0.0548611111
0 0.3634765625 0.4246527778 0.0105468750 0.0062500000
0 0.5851562500 0.4364583333 0.0500000000 0.0284722222
0 0.6669921875 0.4482638889 0.1128906250 0.0506944444
0 0.6812500000 0.4354166667 0.0171875000 0.0111111111
0 0.8367187500 0.4444444444 0.0335937500 0.0208333333
0 0.7490234375 0.4513888889 0.0582031250 0.0305555556
0 0.8046875000 0.4517361111 0.0164062500 0.0131944444
0 0.1896484375 0.4590277778 0.0105468750 0.0069444444
0 0.5894531250 0.4673611111 0.0234375000 0.0138888889
0 0.5378906250 0.4697916667 0.0234375000 0.0104166667
