0 0.8855468750 0.3368055556 0.0687500000 0.0236111111
0 0.2888671875 0.3444444444 0.0917968750 0.0291666667
0 0.3742187500 0.3569444444 0.0203125000 0.0152777778
0 0.7982421875 0.3788194444 0.0542968750 0.0451388889
0 0.4234375000 0.3701388889 0.0187500000 0.0097222222
0 0.6998046875 0.3951388889 0.0097656250 0.0055555556
0 0.8341796875 0.4232638889 0.0746093750 0.0451388889
0 0.7734375000 0.4170138889 0.0406250000 0.0201388889
0 0.6392578125 0.4190972222 0.0175781250 0.0118055556
0 0.6826171875 0.4256944444 0.0253906250 0.0194444444
0 0.7126953125 0.4246527778 0.0121093750 0.0062500000
0 0.4580078125 0.4350694444 0.0441406250 0.0187500000
0 0.5865234375 0.4368055556 0.0464843750 0.0180555556
0 0.1892578125 0.4326388889 0.0097656250 0.0055555556
0 0.4173828125 0.4434027778 0.0207031250 0.0145833333
0 0.5173828125 0.4416666667 0.0136718750 0.0069444444
0 0.7955078125 0.4451388889 0.0167968750 0.0138888889
0 0.4958984375 0.4552083333 0.0121093750 0.0076388889
0 0.5609375000 0.4680555556 0.0125000000 0.0083333333
0 0.8445312500 0.4927083333 0.0101562500 0.0090277778
0 0.8693359375 0.4954861111 0.0207031250 0.0090277778
