0 0.9041015625 0.2024305556 0.0316406250 0.0215277778
0 0.8427734375 0.2055555556 0.0355468750 0.0125000000
0 0.7435546875 0.2090277778 0.0488281250 0.0152777778
0 0.6988281250 0.2097222222 0.0226562500 0.0138888889
0 0.7945312500 0.2086805556 0.0328125000 0.0118055556
0 0.6265625000 0.2111111111 0.0250000000 0.0152777778
0 0.0892578125 0.2149305556 0.0183593750 0.0159722222
0 0.3427734375 0.2204861111 0.2847656250 0.0284722222
0 0.5121093750 0.2145833333 0.0382812500 0.0166666667
0 0.5660156250 0.2135416667 0.0320312500 0.0131944444
0 0.8986328125 0.3906250000 0.0121093750 0.0090277778
0 0.5755859375 0.3920138889 0.0269531250 0.0104166667
0 0.6824218750 0.3937500000 0.0304687500 0.0125000000
0 0.6130859375 0.3940972222 0.0253906250 0.0104166667
0 0.3083984375 0.4038194444 0.0933593750 0.0270833333
0 0.5335937500 0.3979166667 0.0421875000 0.0138888889
0 0.4466796875 0.4090277778 0.1121093750 0.0333333333
0 0.3730468750 0.4190972222 0.0273437500 0.0229166667
0 0.7201171875 0.4343750000 0.0589843750 0.0298611111
0 0.7775390625 0.4288194444 0.0316406250 0.0187500000
0 0.8009765625 0.4319444444 0.0292968750 0.0250000000
0 0.5732421875 0.4451388889 0.0136718750 0.0083333333
0 0.7228515625 0.4618055556 0.0285156250 0.0208333333
0 0.4662109375 0.4677083333 0.0480468750 0.0215277778
0 0.7878906250 0.4781250000 0.0546875000 0.0437500000
0 0.8033203125 0.4638888889 0.0152343750 0.0125000000
0 0.5554687500 0.4809027778 0.0914062500 0.0381944444
0 0.7009765625 0.4701388889 0.0082031250 0.0069444444
0 0.6126953125 0.4798611111 0.0066406250 0.0055555556
0 0.6527343750 0.4885416667 0.0984375000 0.0229166667
0 0.7365234375 0.4888888889 0.0144531250 0.0125000000
