0 0.9091796875 0.2111111111 0.0214843750 0.0180555556
0 0.8320312500 0.2149305556 0.0406250000 0.0145833333
0 0.7460937500 0.2149305556 0.0093750000 0.0062500000
0 0.2281250000 0.2260416667 0.0312500000 0.0145833333
0 0.8453125000 0.3802083333 0.0226562500 0.0159722222
0 0.6937500000 0.3857638889 0.0250000000 0.0104166667
0 0.5800781250 0.3871527778 0.0140625000 0.0090277778
0 0.5371093750 0.3913194444 0.0195312500 0.0131944444
0 0.5037109375 0.3899305556 0.0277343750 0.0076388889
0 0.4447265625 0.3923611111 0.0488281250 0.0111111111
0 0.3863281250 0.3947916667 0.0187500000 0.0076388889
0 0.2302734375 0.4104166667 0.0371093750 0.0166666667
0 0.9101562500 0.4069444444 0.0109375000 0.0097222222
0 0.8455078125 0.4260416667 0.0113281250 0.0076388889
0 0.7966796875 0.4336805556 0.0300781250 0.0215277778
0 0.6412109375 0.4326388889 0.0160156250 0.0138888889
0 0.4253906250 0.4357638889 0.0085937500 0.0076388889
0 0.4876953125 0.4440972222 0.0144531250 0.0118055556
0 0.3974609375 0.4743055556 0.0644531250 0.0208333333
0 0.4728515625 0.4760416667 0.0285156250 0.0201388889
0 0.6476562500 0.4690972222 0.0125000000 0.0062500000
0 0.7660156250 0.4829861111 0.1429687500 0.0340277778
0 0.3378906250 0.4791666667 0.0289062500 0.0208333333
0 0.7300781250 0.4756944444 0.0156250000 0.0125000000
0 0.4396484375 0.4847222222 0.0230468750 0.0194444444
0 0.5208984375 0.4829861111 0.0269531250 0.0118055556
0 0.6406250000 0.4861111111 0.0281250000 0.0138888889
0 0.2378906250 0.4899305556 0.0476562500 0.0201388889
0 0.5998046875 0.4902777778 0.0347656250 0.0194444444
0 0.4873046875 0.4927083333 0.0347656250 0.0145833333
0 0.5527343750 0.4961805556 0.0242187500 0.0076388889
