0 0.8390625000 0.3114583333 0.0695312500 0.0201388889
0 0.9021484375 0.3107638889 0.0355468750 0.0201388889
0 0.6197265625 0.3083333333 0.0152343750 0.0083333333
0 0.3537109375 0.3104166667 0.0277343750 0.0083333333
0 0.2939453125 0.3201388889 0.0769531250 0.0222222222
0 0.4386718750 0.3170138889 0.0648437500 0.0118055556
0 0.2412109375 0.3326388889 0.0136718750 0.0083333333
0 0.4626953125 0.3586805556 0.0839843750 0.0243055556
0 0.7410156250 0.3579861111 0.0242187500 0.0173611111
0 0.3718750000 0.3604166667 0.0343750000 0.0152777778
0 0.8666015625 0.3677083333 0.0480468750 0.0201388889
0 0.5839843750 0.3694444444 0.0296875000 0.0166666667
0 0.9044921875 0.3697916667 0.0183593750 0.0159722222
0 0.5316406250 0.3684027778 0.0132812500 0.0062500000
0 0.4552734375 0.3770833333 0.0175781250 0.0152777778
0 0.5558593750 0.3791666667 0.0171875000 0.0111111111
0 0.7806640625 0.3829861111 0.0253906250 0.0201388889
0 0.8052734375 0.3756944444 0.0105468750 0.0055555556
0 0.5000000000 0.3788194444 0.0070312500 0.0062500000
0 0.3800781250 0.3829861111 0.0187500000 0.0118055556
0 0.5253906250 0.3826388889 0.0226562500 0.0069444444
0 0.3365234375 0.4069444444 0.0746093750 0.0472222222
0 0.4964843750 0.3885416667 0.0132812500 0.0090277778
0 0.6707031250 0.3947916667 0.0570312500 0.0215277778
0 0.8427734375 0.4128472222 0.1542968750 0.0562500000
0 0.4300781250 0.3923611111 0.0101562500 0.0083333333
0 0.5152343750 0.3944444444 0.0265625000 0.0097222222
0 0.2009765625 0.4027777778 0.0175781250 0.0138888889
0 0.6097656250 0.4045138889 0.0476562500 0.0187500000
0 0.5501953125 0.4125000000 0.0433593750 0.0236111111
0 0.4410156250 0.4225694444 0.0632812500 0.0284722222
0 0.7144531250 0.4263888889 0.0234375000 0.0166666667
0 0.4953125000 0.4336805556 0.0304687500 0.0201388889
0 0.6417968750 0.4381944444 0.0507812500 0.0180555556
0 0.4613281250 0.4368055556 0.0273437500 0.0111111111
0 0.7082031250 0.4378472222 0.0132812500 0.0090277778
0 0.7947265625 0.4604166667 0.0457031250 0.0263888889
0 0.8939453125 0.4802083333 0.0519531250 0.0395833333
