0 0.1873046875 0.2885416667 0.0121093750 0.0076388889
0 0.8822265625 0.3173611111 0.0753906250 0.0263888889
0 0.8310546875 0.3118055556 0.0082031250 0.0069444444
0 0.3427734375 0.3135416667 0.0167968750 0.0076388889
0 0.2812500000 0.3246527778 0.0906250000 0.0270833333
0 0.1808593750 0.3319444444 0.0234375000 0.0111111111
0 0.7884765625 0.3534722222 0.0378906250 0.0250000000
0 0.4578125000 0.3593750000 0.0726562500 0.0270833333
0 0.7015625000 0.3583333333 0.0203125000 0.0166666667
0 0.7732421875 0.4010416667 0.1160156250 0.0576388889
0 0.8498046875 0.3805555556 0.0167968750 0.0138888889
0 0.4650390625 0.4118055556 0.1105468750 0.0541666667
0 0.6792968750 0.3951388889 0.0546875000 0.0222222222
0 0.8593750000 0.4079861111 0.0460937500 0.0340277778
0 0.3746093750 0.4062500000 0.0304687500 0.0166666667
0 0.6261718750 0.4052083333 0.0226562500 0.0118055556
0 0.7111328125 0.4052083333 0.0074218750 0.0048611111
0 0.4072265625 0.4138888889 0.0199218750 0.0111111111
0 0.5486328125 0.4204861111 0.0246093750 0.0145833333
0 0.6056640625 0.4180555556 0.0128906250 0.0097222222
0 0.8779296875 0.4500000000 0.0464843750 0.0402777778
0 0.8830078125 0.4795138889 0.0738281250 0.0409722222
0 0.1478515625 0.4718750000 0.0089843750 0.0076388889
