0 0.8072265625 0.1666666667 0.0214843750 0.0125000000
0 0.7388671875 0.3576388889 0.0316406250 0.0166666667
0 0.8515625000 0.3663194444 0.1195312500 0.0229166667
0 0.2765625000 0.3840277778 0.1335937500 0.0416666667
0 0.4464843750 0.3715277778 0.0109375000 0.0069444444
0 0.3701171875 0.3791666667 0.0128906250 0.0083333333
0 0.5058593750 0.4097222222 0.0617187500 0.0305555556
0 0.6548828125 0.4038194444 0.0246093750 0.0159722222
0 0.4800781250 0.4010416667 0.0148437500 0.0076388889
0 0.4296875000 0.4062500000 0.0242187500 0.0166666667
0 0.4019531250 0.4048611111 0.0125000000 0.0097222222
0 0.8718750000 0.4138888889 0.0250000000 0.0208333333
0 0.7199218750 0.4125000000 0.0156250000 0.0097222222
0 0.3476562500 0.4194444444 0.0234375000 0.0208333333
0 0.8279296875 0.4576388889 0.1144531250 0.0583333333
0 0.4273437500 0.4576388889 0.1710937500 0.0500000000
0 0.5005859375 0.4489583333 0.0238281250 0.0159722222
0 0.8984375000 0.4465277778 0.0109375000 0.0097222222
0 0.5416015625 0.4677083333 0.0574218750 0.0506944444
0 0.6964843750 0.4631944444 0.1085937500 0.0402777778
0 0.5869140625 0.4638888889 0.0417968750 0.0236111111
0 0.4453125000 0.4795138889 0.0390625000 0.0256944444
0 0.8343750000 0.4774305556 0.0320312500 0.0104166667
0 0.5904296875 0.4913194444 0.0246093750 0.0173611111
