0 0.7613281250 0.3243055556 0.0257812500 0.0208333333
0 0.6298828125 0.3319444444 0.0113281250 0.0097222222
0 0.6044921875 0.3326388889 0.0089843750 0.0069444444
0 0.4505859375 0.3378472222 0.1167968750 0.0145833333
0 0.3671875000 0.3430555556 0.0164062500 0.0111111111
0 0.8070312500 0.4208333333 0.1132812500 0.0555555556
0 0.4667968750 0.4170138889 0.0140625000 0.0076388889
0 0.6482421875 0.4184027778 0.0191406250 0.0104166667
0 0.7630859375 0.4243055556 0.0214843750 0.0152777778
0 0.4292968750 0.4253472222 0.0296875000 0.0131944444
0 0.3351562500 0.4312500000 0.0203125000 0.0166666667
0 0.4875000000 0.4434027778 0.0593750000 0.0354166667
0 0.2175781250 0.4364583333 0.0117187500 0.0048611111
0 0.6152343750 0.4559027778 0.0875000000 0.0381944444
0 0.7087890625 0.4482638889 0.0699218750 0.0229166667
0 0.5437500000 0.4486111111 0.0343750000 0.0208333333
0 0.7699218750 0.4597222222 0.0171875000 0.0083333333
0 0.8416015625 0.4635416667 0.0222656250 0.0104166667
0 0.8867187500 0.4930555556 0.0234375000 0.0138888889
0 0.2324218750 0.4934027778 0.0140625000 0.0090277778
0 0.8697265625 0.4975694444 0.0128906250 0.0048611111
