0 0.8380859375 0.3697916667 0.1636718750 0.0340277778
0 0.4716796875 0.3791666667 0.0527343750 0.0208333333
0 0.2917968750 0.3798611111 0.0585937500 0.0194444444
0 0.5498046875 0.3760416667 0.0113281250 0.0076388889
0 0.2312500000 0.3906250000 0.0468750000 0.0340277778
0 0.5744140625 0.3774305556 0.0113281250 0.0090277778
0 0.6072265625 0.3822916667 0.0464843750 0.0187500000
0 0.8199218750 0.4500000000 0.1039062500 0.0541666667
0 0.3609375000 0.4364583333 0.0140625000 0.0076388889
0 0.6615234375 0.4517361111 0.0394531250 0.0312500000
0 0.2982421875 0.4538194444 0.0378906250 0.0270833333
0 0.3416015625 0.4486111111 0.0261718750 0.0152777778
0 0.4054687500 0.4552083333 0.0625000000 0.0284722222
0 0.7101562500 0.4531250000 0.0070312500 0.0048611111
0 0.7396484375 0.4593750000 0.0355468750 0.0173611111
0 0.4869140625 0.4586805556 0.0105468750 0.0090277778
0 0.5892578125 0.4680555556 0.0332031250 0.0277777778
0 0.7009765625 0.4590277778 0.0089843750 0.0069444444
0 0.3447265625 0.4694444444 0.0558593750 0.0263888889
0 0.5478515625 0.4607638889 0.0152343750 0.0076388889
0 0.5365234375 0.4753472222 0.0183593750 0.0145833333
0 0.6216796875 0.4722222222 0.0144531250 0.0069444444
0 0.5693359375 0.4784722222 0.0082031250 0.0055555556
0 0.6921875000 0.4836805556 0.0156250000 0.0118055556
0 0.7814453125 0.4909722222 0.0222656250 0.0138888889
0 0.5070312500 0.4909722222 0.0164062500 0.0111111111
0 0.5439453125 0.4934027778 0.0199218750 0.0131944444
0 0.6117187500 0.4937500000 0.0179687500 0.0125000000
0 0.6695312500 0.4934027778 0.0351562500 0.0131944444
0 0.6359375000 0.4944444444 0.0125000000 0.0111111111
0 0.7091796875 0.4947916667 0.0183593750 0.0104166667
0 0.4164062500 0.4972222222 0.0117187500 0.0055555556
