0 0.2201171875 0.1236111111 0.0097656250 0.0069444444
0 0.8787109375 0.2402777778 0.0824218750 0.0305555556
0 0.4158203125 0.2565972222 0.0214843750 0.0145833333
0 0.2613281250 0.2552083333 0.0085937500 0.0048611111
0 0.2328125000 0.2701388889 0.0328125000 0.0152777778
0 0.8916015625 0.3125000000 0.0566406250 0.0458333333
0 0.8306640625 0.3364583333 0.0949218750 0.0409722222
0 0.7398437500 0.3322916667 0.0195312500 0.0145833333
0 0.3531250000 0.3364583333 0.0312500000 0.0131944444
0 0.5226562500 0.3392361111 0.0187500000 0.0104166667
0 0.4597656250 0.3437500000 0.0367187500 0.0166666667
0 0.7052734375 0.3413194444 0.0144531250 0.0090277778
0 0.2373046875 0.3614583333 0.0261718750 0.0215277778
0 0.5390625000 0.3559027778 0.0179687500 0.0090277778
0 0.6951171875 0.3631944444 0.0128906250 0.0083333333
0 0.8570312500 0.3881944444 0.0117187500 0.0083333333
0 0.2392578125 0.4027777778 0.0128906250 0.0069444444
0 0.8228515625 0.4177083333 0.0425781250 0.0256944444
0 0.8625000000 0.4159722222 0.0085937500 0.0055555556
0 0.2251953125 0.4684027778 0.0191406250 0.0090277778
0 0.2638671875 0.4722222222 0.0113281250 0.0083333333
