0 0.8505859375 0.3093750000 0.0996093750 0.0187500000
0 0.4888671875 0.3194444444 0.0214843750 0.0125000000
0 0.4291015625 0.3194444444 0.0347656250 0.0097222222
0 0.2380859375 0.3315972222 0.0269531250 0.0187500000
0 0.8662109375 0.3628472222 0.0464843750 0.0215277778
0 0.4212890625 0.3743055556 0.0128906250 0.0069444444
0 0.5521484375 0.3885416667 0.0097656250 0.0062500000
0 0.4232421875 0.3906250000 0.0074218750 0.0062500000
0 0.7769531250 0.4184027778 0.1976562500 0.0548611111
0 0.3572265625 0.3986111111 0.0230468750 0.0111111111
0 0.5140625000 0.4097222222 0.0460937500 0.0236111111
0 0.4603515625 0.4027777778 0.0097656250 0.0069444444
0 0.8769531250 0.4114583333 0.0265625000 0.0215277778
0 0.5554687500 0.4166666667 0.0531250000 0.0194444444
0 0.6218750000 0.4125000000 0.0242187500 0.0125000000
0 0.4154296875 0.4111111111 0.0082031250 0.0055555556
0 0.4214843750 0.4250000000 0.0570312500 0.0236111111
0 0.4740234375 0.4197916667 0.0074218750 0.0062500000
0 0.7652343750 0.4284722222 0.0257812500 0.0166666667
0 0.6558593750 0.4295138889 0.0164062500 0.0131944444
0 0.2363281250 0.4274305556 0.0085937500 0.0062500000
0 0.4701171875 0.4371527778 0.0347656250 0.0145833333
0 0.8931640625 0.4447916667 0.0183593750 0.0090277778
0 0.6490234375 0.4583333333 0.0324218750 0.0180555556
0 0.5775390625 0.4788194444 0.0097656250 0.0048611111
0 0.8599609375 0.4871527778 0.0183593750 0.0159722222
