0 0.2875000000 0.2857638889 0.0132812500 0.0076388889
0 0.8619140625 0.3211805556 0.1160156250 0.0326388889
0 0.2369140625 0.3329861111 0.0152343750 0.0118055556
0 0.8562500000 0.3843750000 0.0101562500 0.0090277778
0 0.7923828125 0.3923611111 0.0167968750 0.0069444444
0 0.7640625000 0.3996527778 0.0148437500 0.0118055556
0 0.7294921875 0.4093750000 0.0324218750 0.0270833333
0 0.7732421875 0.4114583333 0.0300781250 0.0159722222
0 0.8287109375 0.4194444444 0.0542968750 0.0277777778
0 0.4830078125 0.4208333333 0.0574218750 0.0263888889
0 0.6121093750 0.4166666667 0.0125000000 0.0111111111
0 0.5615234375 0.4218750000 0.0214843750 0.0159722222
0 0.7570312500 0.4288194444 0.0320312500 0.0173611111
0 0.7806640625 0.4250000000 0.0152343750 0.0069444444
0 0.2320312500 0.4322916667 0.0085937500 0.0062500000
0 0.6533203125 0.4381944444 0.0230468750 0.0125000000
