0 0.9031250000 0.3104166667 0.0140625000 0.0097222222
0 0.3337890625 0.3125000000 0.0121093750 0.0069444444
0 0.2800781250 0.3232638889 0.0750000000 0.0243055556
0 0.4486328125 0.3277777778 0.0160156250 0.0097222222
0 0.4076171875 0.3326388889 0.0433593750 0.0166666667
0 0.3425781250 0.3631944444 0.0140625000 0.0111111111
0 0.5929687500 0.3739583333 0.0429687500 0.0312500000
0 0.6873046875 0.3902777778 0.0324218750 0.0208333333
0 0.6609375000 0.4086805556 0.0656250000 0.0243055556
0 0.5496093750 0.4111111111 0.0296875000 0.0236111111
0 0.6013671875 0.4027777778 0.0105468750 0.0069444444
0 0.2322265625 0.4048611111 0.0105468750 0.0055555556
0 0.5916015625 0.4197916667 0.0082031250 0.0062500000
0 0.8544921875 0.4326388889 0.0183593750 0.0138888889
0 0.8796875000 0.4329861111 0.0148437500 0.0131944444
0 0.9054687500 0.4513888889 0.0093750000 0.0069444444
0 0.8273437500 0.4531250000 0.0179687500 0.0062500000
0 0.8429687500 0.4687500000 0.0109375000 0.0069444444
0 0.8089843750 0.4718750000 0.0132812500 0.0118055556
0 0.5158203125 0.4711805556 0.0121093750 0.0048611111
0 0.7777343750 0.4805555556 0.0210937500 0.0180555556
