0 0.8531250000 0.2836805556 0.0468750000 0.0229166667
0 0.8988281250 0.2902777778 0.0195312500 0.0125000000
0 0.2332031250 0.3451388889 0.0132812500 0.0111111111
0 0.7855468750 0.3819444444 0.0750000000 0.0513888889
0 0.7332031250 0.3729166667 0.0101562500 0.0069444444
0 0.5636718750 0.3937500000 0.0445312500 0.0194444444
0 0.4505859375 0.3996527778 0.0230468750 0.0201388889
0 0.7027343750 0.4013888889 0.0304687500 0.0180555556
0 0.4931640625 0.4041666667 0.0292968750 0.0208333333
0 0.2335937500 0.4006944444 0.0117187500 0.0097222222
0 0.6246093750 0.4003472222 0.0070312500 0.0048611111
0 0.8738281250 0.4142361111 0.0093750000 0.0062500000
0 0.1683593750 0.4177083333 0.0203125000 0.0118055556
0 0.8656250000 0.4309027778 0.0226562500 0.0104166667
0 0.5347656250 0.4697916667 0.0359375000 0.0159722222
0 0.8744140625 0.4861111111 0.0910156250 0.0277777778
