0 0.2140625000 0.2013888889 0.0492187500 0.0375000000
0 0.3880859375 0.1954861111 0.0277343750 0.0090277778
0 0.3527343750 0.2006944444 0.0203125000 0.0138888889
0 0.1248046875 0.2378472222 0.0089843750 0.0062500000
0 0.7048828125 0.3645833333 0.0324218750 0.0180555556
0 0.7761718750 0.3690972222 0.0906250000 0.0187500000
0 0.8671875000 0.3704861111 0.0718750000 0.0215277778
0 0.6503906250 0.3732638889 0.0218750000 0.0131944444
0 0.6148437500 0.3743055556 0.0171875000 0.0125000000
0 0.3554687500 0.3729166667 0.0085937500 0.0069444444
0 0.2851562500 0.3878472222 0.0960937500 0.0326388889
0 0.4666015625 0.3798611111 0.0292968750 0.0125000000
0 0.4371093750 0.3812500000 0.0093750000 0.0069444444
0 0.4482421875 0.4190972222 0.1488281250 0.0423611111
0 0.7359375000 0.4166666667 0.0281250000 0.0166666667
0 0.6263671875 0.4288194444 0.0207031250 0.0159722222
0 0.6728515625 0.4256944444 0.0089843750 0.0069444444
0 0.8449218750 0.4350694444 0.0367187500 0.0201388889
0 0.3943359375 0.4364583333 0.0074218750 0.0048611111
0 0.7171875000 0.4458333333 0.0156250000 0.0069444444
0 0.8666015625 0.4475694444 0.0128906250 0.0090277778
0 0.7742187500 0.4663194444 0.0640625000 0.0437500000
0 0.4708984375 0.4503472222 0.0160156250 0.0062500000
0 0.6601562500 0.4649305556 0.0632812500 0.0298611111
0 0.4392578125 0.4670138889 0.1253906250 0.0298611111
0 0.8792968750 0.4767361111 0.0812500000 0.0465277778
0 0.3699218750 0.4760416667 0.1039062500 0.0354166667
0 0.5757812500 0.4843750000 0.0984375000 0.0312500000
0 0.7861328125 0.4739583333 0.0191406250 0.0104166667
0 0.4978515625 0.4951388889 0.0191406250 0.0097222222
