0 0.8818359375 0.3319444444 0.0761718750 0.0291666667
0 0.3158203125 0.3281250000 0.0425781250 0.0145833333
0 0.4472656250 0.3361111111 0.0132812500 0.0097222222
0 0.4775390625 0.3364583333 0.0269531250 0.0104166667
0 0.3875000000 0.3423611111 0.0585937500 0.0180555556
0 0.7691406250 0.3475694444 0.0195312500 0.0159722222
0 0.7244140625 0.3524305556 0.0347656250 0.0229166667
0 0.4335937500 0.3520833333 0.0289062500 0.0180555556
0 0.4976562500 0.3510416667 0.0187500000 0.0104166667
0 0.4753906250 0.3510416667 0.0101562500 0.0090277778
0 0.3765625000 0.3586805556 0.0421875000 0.0118055556
0 0.5191406250 0.3586805556 0.0148437500 0.0062500000
0 0.7289062500 0.3878472222 0.0453125000 0.0215277778
0 0.6769531250 0.3875000000 0.0226562500 0.0166666667
0 0.6730468750 0.4114583333 0.0562500000 0.0312500000
0 0.9060546875 0.3972222222 0.0121093750 0.0041666667
0 0.6500000000 0.4010416667 0.0101562500 0.0090277778
0 0.2109375000 0.4093750000 0.0132812500 0.0118055556
0 0.5828125000 0.4166666667 0.0156250000 0.0083333333
0 0.5474609375 0.4177083333 0.0074218750 0.0062500000
0 0.5986328125 0.4666666667 0.0097656250 0.0083333333
0 0.7156250000 0.4725694444 0.0093750000 0.0048611111
0 0.1937500000 0.4802083333 0.0125000000 0.0076388889
0 0.8792968750 0.4888888889 0.0484375000 0.0222222222
0 0.8531250000 0.4951388889 0.0234375000 0.0097222222
