0 0.5251953125 0.3138888889 0.0332031250 0.0111111111
0 0.8855468750 0.3381944444 0.0687500000 0.0611111111
0 0.5933593750 0.3149305556 0.0195312500 0.0090277778
0 0.2898437500 0.3274305556 0.0976562500 0.0312500000
0 0.4537109375 0.3180555556 0.0292968750 0.0069444444
0 0.3962890625 0.3222222222 0.0121093750 0.0097222222
0 0.3914062500 0.3576388889 0.1070312500 0.0472222222
0 0.5191406250 0.3604166667 0.1085937500 0.0375000000
0 0.7449218750 0.3586805556 0.0539062500 0.0298611111
0 0.6646484375 0.3517361111 0.0121093750 0.0090277778
0 0.5906250000 0.3593750000 0.0265625000 0.0215277778
0 0.6298828125 0.3638888889 0.0457031250 0.0236111111
0 0.2300781250 0.3590277778 0.0117187500 0.0055555556
0 0.6968750000 0.3694444444 0.0265625000 0.0208333333
0 0.7652343750 0.3944444444 0.1687500000 0.0708333333
0 0.4679687500 0.3795138889 0.0398437500 0.0326388889
0 0.4953125000 0.3802083333 0.0085937500 0.0062500000
0 0.4316406250 0.3899305556 0.0132812500 0.0104166667
0 0.3828125000 0.3954861111 0.0273437500 0.0118055556
0 0.5726562500 0.3989583333 0.0210937500 0.0090277778
0 0.4824218750 0.4010416667 0.0140625000 0.0090277778
0 0.5296875000 0.4156250000 0.0632812500 0.0298611111
0 0.9148437500 0.4052083333 0.0101562500 0.0076388889
0 0.1906250000 0.4055555556 0.0109375000 0.0055555556
0 0.6001953125 0.4208333333 0.0777343750 0.0333333333
0 0.4287109375 0.4180555556 0.0933593750 0.0263888889
0 0.5869140625 0.4138888889 0.0308593750 0.0138888889
0 0.8894531250 0.4409722222 0.0609375000 0.0527777778
0 0.6753906250 0.4277777778 0.0234375000 0.0166666667
0 0.4914062500 0.4243055556 0.0101562500 0.0083333333
0 0.5214843750 0.4329861111 0.0281250000 0.0159722222
0 0.8792968750 0.4541666667 0.0093750000 0.0083333333
0 0.8261718750 0.4736111111 0.0132812500 0.0111111111
0 0.1537109375 0.4750000000 0.0105468750 0.0083333333
0 0.8480468750 0.4812500000 0.0101562500 0.0083333333
0 0.1761718750 0.4916666667 0.0281250000 0.0111111111
0 0.8847656250 0.4951388889 0.0179687500 0.0097222222
0 0.9117187500 0.4954861111 0.0164062500 0.0090277778
