0 0.2208984375 0.1503472222 0.0175781250 0.0145833333
0 0.3212890625 0.1496527778 0.0253906250 0.0118055556
0 0.3650390625 0.1520833333 0.0324218750 0.0138888889
0 0.4769531250 0.1520833333 0.0125000000 0.0097222222
0 0.4644531250 0.3465277778 0.0453125000 0.0083333333
0 0.9095703125 0.4156250000 0.0207031250 0.0173611111
0 0.7878906250 0.4274305556 0.0187500000 0.0118055556
0 0.7296875000 0.4263888889 0.0125000000 0.0069444444
0 0.4058593750 0.4402777778 0.0781250000 0.0305555556
0 0.4798828125 0.4409722222 0.0660156250 0.0263888889
0 0.8605468750 0.4361111111 0.0265625000 0.0111111111
0 0.5330078125 0.4420138889 0.0191406250 0.0159722222
0 0.5628906250 0.4437500000 0.0265625000 0.0180555556
0 0.6890625000 0.4423611111 0.0437500000 0.0152777778
0 0.6263671875 0.4444444444 0.0121093750 0.0097222222
0 0.2529296875 0.4454861111 0.0105468750 0.0048611111
0 0.7919921875 0.4500000000 0.0386718750 0.0125000000
0 0.7554687500 0.4545138889 0.0312500000 0.0173611111
0 0.6509765625 0.4586805556 0.0308593750 0.0159722222
0 0.4697265625 0.4597222222 0.0136718750 0.0069444444
0 0.5515625000 0.4666666667 0.0296875000 0.0152777778
0 0.8458984375 0.4979166667 0.0113281250 0.0041666667
0 0.8904296875 0.4975694444 0.0082031250 0.0048611111
