0 0.8564453125 0.3079861111 0.0371093750 0.0173611111
0 0.8939453125 0.3069444444 0.0113281250 0.0097222222
0 0.5146484375 0.3173611111 0.0121093750 0.0041666667
0 0.3902343750 0.3239583333 0.0148437500 0.0118055556
0 0.2564453125 0.3260416667 0.0113281250 0.0090277778
0 0.2298828125 0.3420138889 0.0222656250 0.0090277778
0 0.8488281250 0.3586805556 0.0312500000 0.0201388889
0 0.6515625000 0.3597222222 0.0187500000 0.0152777778
0 0.4955078125 0.3704861111 0.0222656250 0.0187500000
0 0.4205078125 0.4045138889 0.0300781250 0.0187500000
0 0.5242187500 0.4072916667 0.0226562500 0.0201388889
0 0.3601562500 0.4083333333 0.0687500000 0.0180555556
0 0.4615234375 0.4145833333 0.0394531250 0.0194444444
0 0.7039062500 0.4121527778 0.0156250000 0.0104166667
0 0.6523437500 0.4159722222 0.0296875000 0.0138888889
0 0.4871093750 0.4298611111 0.0273437500 0.0180555556
0 0.5480468750 0.4350694444 0.0445312500 0.0201388889
0 0.3910156250 0.4298611111 0.0125000000 0.0055555556
0 0.6552734375 0.4361111111 0.0214843750 0.0180555556
0 0.6917968750 0.4350694444 0.0203125000 0.0159722222
0 0.8601562500 0.4604166667 0.0195312500 0.0138888889
0 0.3144531250 0.4642361111 0.0070312500 0.0048611111
0 0.2671875000 0.4739583333 0.0140625000 0.0090277778
0 0.2414062500 0.4750000000 0.0140625000 0.0083333333
0 0.8123046875 0.4833333333 0.0191406250 0.0111111111
0 0.8960937500 0.4895833333 0.0476562500 0.0208333333
