0 0.2650390625 0.1493055556 0.0308593750 0.0250000000
0 0.3611328125 0.1520833333 0.0714843750 0.0236111111
0 0.4683593750 0.1493055556 0.0476562500 0.0180555556
0 0.8507812500 0.3267361111 0.0476562500 0.0187500000
0 0.2656250000 0.3621527778 0.0125000000 0.0090277778
0 0.7320312500 0.4138888889 0.0101562500 0.0069444444
0 0.7972656250 0.4326388889 0.0476562500 0.0222222222
0 0.5621093750 0.4333333333 0.0429687500 0.0166666667
0 0.4521484375 0.4399305556 0.0207031250 0.0159722222
0 0.4900390625 0.4440972222 0.0363281250 0.0215277778
0 0.7000000000 0.4416666667 0.0242187500 0.0152777778
0 0.6234375000 0.4406250000 0.0093750000 0.0048611111
0 0.5871093750 0.4527777778 0.0117187500 0.0055555556
0 0.8636718750 0.4701388889 0.0218750000 0.0069444444
0 0.2802734375 0.4750000000 0.0113281250 0.0069444444
0 0.8484375000 0.4975694444 0.0117187500 0.0048611111
