0 0.2519531250 0.1302083333 0.0367187500 0.0201388889
0 0.5943359375 0.2725694444 0.1035156250 0.0187500000
0 0.6619140625 0.2697916667 0.0121093750 0.0062500000
0 0.9001953125 0.2753472222 0.0394531250 0.0159722222
0 0.2652343750 0.2892361111 0.0492187500 0.0256944444
0 0.5400390625 0.3072916667 0.0191406250 0.0145833333
0 0.6148437500 0.3239583333 0.0507812500 0.0298611111
0 0.5644531250 0.3302083333 0.0257812500 0.0159722222
0 0.3937500000 0.3517361111 0.0273437500 0.0201388889
0 0.6798828125 0.3538194444 0.0316406250 0.0256944444
0 0.8220703125 0.3576388889 0.0839843750 0.0291666667
0 0.4613281250 0.3597222222 0.0632812500 0.0291666667
0 0.7638671875 0.3572916667 0.0511718750 0.0243055556
0 0.5080078125 0.3520833333 0.0082031250 0.0069444444
0 0.5666015625 0.3531250000 0.0167968750 0.0076388889
0 0.7220703125 0.3715277778 0.0363281250 0.0250000000
0 0.4136718750 0.3725694444 0.0242187500 0.0187500000
0 0.5142578125 0.3753472222 0.0433593750 0.0215277778
0 0.6148437500 0.3763888889 0.0289062500 0.0166666667
0 0.5533203125 0.3774305556 0.0121093750 0.0104166667
0 0.4716796875 0.3777777778 0.0144531250 0.0097222222
0 0.5886718750 0.3881944444 0.0304687500 0.0138888889
0 0.8765625000 0.4222222222 0.0109375000 0.0069444444
0 0.8552734375 0.4385416667 0.0160156250 0.0118055556
