0 0.2228515625 0.1250000000 0.0355468750 0.0097222222
0 0.2644531250 0.1225694444 0.0273437500 0.0048611111
0 0.3044921875 0.1243055556 0.0199218750 0.0083333333
0 0.2375000000 0.1347222222 0.0132812500 0.0111111111
0 0.2642578125 0.1861111111 0.0128906250 0.0111111111
0 0.8628906250 0.2364583333 0.0257812500 0.0131944444
0 0.6208984375 0.2454861111 0.0207031250 0.0090277778
0 0.5384765625 0.2472222222 0.0113281250 0.0083333333
0 0.4505859375 0.2527777778 0.0917968750 0.0180555556
0 0.2468750000 0.2784722222 0.0304687500 0.0152777778
0 0.8687500000 0.3010416667 0.0203125000 0.0090277778
0 0.4970703125 0.3190972222 0.0253906250 0.0131944444
0 0.7296875000 0.3378472222 0.0671875000 0.0437500000
0 0.8355468750 0.3368055556 0.1179687500 0.0402777778
0 0.4269531250 0.3354166667 0.0156250000 0.0138888889
0 0.4841796875 0.3527777778 0.0378906250 0.0305555556
0 0.5582031250 0.3434027778 0.0335937500 0.0118055556
0 0.5878906250 0.3440972222 0.0109375000 0.0090277778
0 0.5156250000 0.3607638889 0.0351562500 0.0215277778
0 0.7734375000 0.3770833333 0.0062500000 0.0055555556
0 0.8539062500 0.4312500000 0.0078125000 0.0055555556
