0 0.5966796875 0.3489583333 0.0613281250 0.0159722222
0 0.4521484375 0.3510416667 0.1246093750 0.0173611111
0 0.8404296875 0.3881944444 0.0199218750 0.0152777778
0 0.4939453125 0.4197916667 0.0183593750 0.0118055556
0 0.7302734375 0.4305555556 0.0519531250 0.0333333333
0 0.8136718750 0.4368055556 0.0914062500 0.0388888889
0 0.6419921875 0.4291666667 0.0175781250 0.0097222222
0 0.3904296875 0.4399305556 0.0566406250 0.0284722222
0 0.6861328125 0.4336805556 0.0308593750 0.0159722222
0 0.5617187500 0.4413194444 0.0414062500 0.0145833333
0 0.4916015625 0.4545138889 0.1332031250 0.0381944444
0 0.6234375000 0.4600694444 0.0656250000 0.0340277778
0 0.6906250000 0.4506944444 0.0242187500 0.0111111111
0 0.2943359375 0.4506944444 0.0082031250 0.0055555556
0 0.5945312500 0.4513888889 0.0078125000 0.0055555556
0 0.7636718750 0.4628472222 0.0328125000 0.0284722222
0 0.6955078125 0.4635416667 0.0628906250 0.0201388889
0 0.2236328125 0.4677083333 0.0113281250 0.0090277778
