0 0.2248046875 0.1270833333 0.0214843750 0.0138888889
0 0.2751953125 0.1215277778 0.0183593750 0.0027777778
0 0.8800781250 0.2607638889 0.0796875000 0.0284722222
0 0.7654296875 0.3388888889 0.0144531250 0.0111111111
0 0.8333984375 0.3586805556 0.0496093750 0.0284722222
0 0.7742187500 0.3531250000 0.0296875000 0.0131944444
0 0.5597656250 0.3607638889 0.0210937500 0.0131944444
0 0.7636718750 0.3697916667 0.0210937500 0.0159722222
0 0.6552734375 0.3770833333 0.0214843750 0.0097222222
0 0.8873046875 0.4597222222 0.0066406250 0.0055555556
0 0.8296875000 0.4697916667 0.0085937500 0.0062500000
0 0.8675781250 0.4902777778 0.0273437500 0.0194444444
