0 0.8394531250 0.3302083333 0.0101562500 0.0076388889
0 0.2851562500 0.3468750000 0.1046875000 0.0354166667
0 0.4583984375 0.3500000000 0.0722656250 0.0263888889
0 0.4101562500 0.3513888889 0.0312500000 0.0194444444
0 0.3535156250 0.3541666667 0.0156250000 0.0111111111
0 0.3652343750 0.3670138889 0.0515625000 0.0201388889
0 0.7191406250 0.3965277778 0.0523437500 0.0166666667
0 0.6347656250 0.3982638889 0.0164062500 0.0118055556
0 0.6583984375 0.4076388889 0.0238281250 0.0125000000
0 0.7095703125 0.4194444444 0.0160156250 0.0125000000
0 0.7535156250 0.4284722222 0.0257812500 0.0180555556
0 0.4039062500 0.4329861111 0.0125000000 0.0048611111
0 0.6218750000 0.4423611111 0.0500000000 0.0236111111
0 0.8644531250 0.4416666667 0.0132812500 0.0069444444
0 0.8521484375 0.4677083333 0.0324218750 0.0131944444
0 0.5023437500 0.4736111111 0.0101562500 0.0083333333
0 0.4669921875 0.4767361111 0.0113281250 0.0048611111
0 0.8677734375 0.4916666667 0.0410156250 0.0125000000
0 0.8197265625 0.4920138889 0.0277343750 0.0062500000
