0 0.2142578125 0.1250000000 0.0160156250 0.0097222222
0 0.8564453125 0.2430555556 0.0378906250 0.0194444444
0 0.9019531250 0.2482638889 0.0359375000 0.0270833333
0 0.2476562500 0.2513888889 0.0148437500 0.0083333333
0 0.2578125000 0.2625000000 0.0171875000 0.0055555556
0 0.2339843750 0.2788194444 0.0335937500 0.0187500000
0 0.8917968750 0.3197916667 0.0562500000 0.0451388889
0 0.8082031250 0.3437500000 0.0851562500 0.0416666667
0 0.3529296875 0.3451388889 0.0300781250 0.0152777778
0 0.4607421875 0.3496527778 0.0371093750 0.0159722222
0 0.5218750000 0.3475694444 0.0195312500 0.0090277778
0 0.6224609375 0.3513888889 0.0105468750 0.0069444444
0 0.5394531250 0.3628472222 0.0140625000 0.0104166667
0 0.8605468750 0.3972222222 0.0203125000 0.0125000000
0 0.2392578125 0.4090277778 0.0136718750 0.0083333333
0 0.8138671875 0.4211805556 0.0238281250 0.0187500000
0 0.2226562500 0.4753472222 0.0257812500 0.0104166667
0 0.2634765625 0.4791666667 0.0121093750 0.0097222222
