0 0.8500000000 0.2902777778 0.0359375000 0.0194444444
0 0.7839843750 0.2878472222 0.0250000000 0.0131944444
0 0.8863281250 0.2899305556 0.0101562500 0.0076388889
0 0.2322265625 0.3135416667 0.0605468750 0.0368055556
0 0.4404296875 0.3041666667 0.0511718750 0.0111111111
0 0.5023437500 0.3013888889 0.0257812500 0.0069444444
0 0.3812500000 0.3069444444 0.0195312500 0.0097222222
0 0.3970703125 0.3659722222 0.0308593750 0.0152777778
0 0.7449218750 0.3618055556 0.0078125000 0.0069444444
0 0.1937500000 0.3750000000 0.0187500000 0.0166666667
0 0.8015625000 0.3725694444 0.0093750000 0.0062500000
0 0.6464843750 0.3802083333 0.0148437500 0.0104166667
0 0.7746093750 0.3993055556 0.1320312500 0.0472222222
0 0.8769531250 0.4090277778 0.0859375000 0.0597222222
0 0.3765625000 0.3892361111 0.0265625000 0.0118055556
0 0.5173828125 0.3913194444 0.0261718750 0.0173611111
0 0.4152343750 0.3965277778 0.0062500000 0.0055555556
0 0.6068359375 0.4017361111 0.0355468750 0.0090277778
0 0.5519531250 0.4069444444 0.0210937500 0.0111111111
0 0.4380859375 0.4177083333 0.1488281250 0.0298611111
0 0.2384765625 0.4163194444 0.0355468750 0.0243055556
0 0.5820312500 0.4090277778 0.0125000000 0.0055555556
0 0.6414062500 0.4211805556 0.0343750000 0.0284722222
0 0.5511718750 0.4208333333 0.0539062500 0.0166666667
0 0.6089843750 0.4177083333 0.0328125000 0.0104166667
0 0.6746093750 0.4156250000 0.0085937500 0.0062500000
0 0.6917968750 0.4263888889 0.0304687500 0.0152777778
0 0.8527343750 0.4458333333 0.0195312500 0.0138888889
0 0.3091796875 0.4486111111 0.0105468750 0.0069444444
0 0.8878906250 0.4506944444 0.0117187500 0.0097222222
0 0.2601562500 0.4565972222 0.0148437500 0.0090277778
0 0.2353515625 0.4579861111 0.0136718750 0.0076388889
0 0.8169921875 0.4722222222 0.0488281250 0.0222222222
0 0.8826171875 0.4697916667 0.0261718750 0.0145833333
0 0.7695312500 0.4736111111 0.0164062500 0.0083333333
0 0.4826171875 0.4774305556 0.0246093750 0.0131944444
0 0.2658203125 0.4972222222 0.0074218750 0.0055555556
