0 0.3322265625 0.2850694444 0.0097656250 0.0076388889
0 0.5771484375 0.2871527778 0.0394531250 0.0118055556
0 0.2837890625 0.2961805556 0.0675781250 0.0243055556
0 0.4373046875 0.2923611111 0.0222656250 0.0125000000
0 0.6298828125 0.2892361111 0.0097656250 0.0076388889
0 0.2326171875 0.3125000000 0.0175781250 0.0125000000
0 0.8541015625 0.3232638889 0.0363281250 0.0270833333
0 0.7685546875 0.3229166667 0.0191406250 0.0138888889
0 0.7052734375 0.3673611111 0.0636718750 0.0500000000
0 0.5402343750 0.3590277778 0.0078125000 0.0069444444
0 0.7884765625 0.3666666667 0.0308593750 0.0208333333
0 0.8507812500 0.3736111111 0.0820312500 0.0347222222
0 0.5148437500 0.3791666667 0.0171875000 0.0138888889
0 0.6029296875 0.3763888889 0.0167968750 0.0097222222
0 0.4478515625 0.3847222222 0.0433593750 0.0208333333
0 0.8105468750 0.3822916667 0.0070312500 0.0062500000
0 0.6689453125 0.3972222222 0.0144531250 0.0083333333
0 0.5208984375 0.4100694444 0.0191406250 0.0159722222
0 0.5464843750 0.4100694444 0.0140625000 0.0076388889
0 0.8744140625 0.4291666667 0.0113281250 0.0055555556
0 0.8013671875 0.4552083333 0.0128906250 0.0076388889
0 0.8695312500 0.4815972222 0.0242187500 0.0090277778
