0 0.8228515625 0.3256944444 0.0136718750 0.0097222222
0 0.5025390625 0.3378472222 0.2496093750 0.0243055556
0 0.6640625000 0.3312500000 0.0187500000 0.0083333333
0 0.7070312500 0.3302083333 0.0140625000 0.0048611111
0 0.3597656250 0.3437500000 0.0187500000 0.0138888889
0 0.3955078125 0.3687500000 0.0207031250 0.0166666667
0 0.8416015625 0.3725694444 0.0230468750 0.0201388889
0 0.4117187500 0.3975694444 0.0226562500 0.0159722222
0 0.3455078125 0.4052083333 0.0136718750 0.0118055556
0 0.3958984375 0.4201388889 0.1097656250 0.0402777778
0 0.4972656250 0.4079861111 0.0257812500 0.0159722222
0 0.7138671875 0.4208333333 0.0863281250 0.0416666667
0 0.8146484375 0.4225694444 0.0925781250 0.0395833333
0 0.5757812500 0.4107638889 0.0148437500 0.0090277778
0 0.6412109375 0.4152777778 0.0191406250 0.0111111111
0 0.4576171875 0.4166666667 0.0113281250 0.0069444444
0 0.4962890625 0.4381944444 0.0746093750 0.0333333333
0 0.5619140625 0.4277777778 0.0402343750 0.0125000000
0 0.2951171875 0.4368055556 0.0105468750 0.0055555556
0 0.4380859375 0.4427083333 0.0261718750 0.0173611111
0 0.6212890625 0.4486111111 0.0699218750 0.0291666667
0 0.6945312500 0.4496527778 0.0625000000 0.0187500000
0 0.5443359375 0.4510416667 0.0285156250 0.0159722222
0 0.4554687500 0.4555555556 0.0117187500 0.0083333333
0 0.2837890625 0.4673611111 0.0207031250 0.0083333333
0 0.4291015625 0.4822916667 0.0074218750 0.0048611111
