0 0.9048828125 0.2045138889 0.0300781250 0.0201388889
0 0.7707031250 0.2093750000 0.0187500000 0.0145833333
0 0.7408203125 0.2062500000 0.0191406250 0.0055555556
0 0.5101562500 0.2121527778 0.0523437500 0.0145833333
0 0.6197265625 0.2121527778 0.0644531250 0.0145833333
0 0.6814453125 0.2104166667 0.0316406250 0.0097222222
0 0.5677734375 0.2114583333 0.0207031250 0.0104166667
0 0.0933593750 0.2170138889 0.0265625000 0.0173611111
0 0.1732421875 0.2145833333 0.0167968750 0.0125000000
0 0.3806640625 0.2180555556 0.1175781250 0.0208333333
0 0.4632812500 0.2149305556 0.0203125000 0.0145833333
0 0.2576171875 0.2232638889 0.1042968750 0.0284722222
0 0.8474609375 0.3781250000 0.0957031250 0.0201388889
0 0.6199218750 0.3854166667 0.0148437500 0.0083333333
0 0.5009765625 0.3902777778 0.0519531250 0.0138888889
0 0.6849609375 0.3878472222 0.0160156250 0.0104166667
0 0.4318359375 0.3909722222 0.0378906250 0.0097222222
0 0.5839843750 0.3909722222 0.0148437500 0.0097222222
0 0.8654296875 0.4416666667 0.0511718750 0.0375000000
0 0.4861328125 0.4493055556 0.0222656250 0.0166666667
0 0.3931640625 0.4586805556 0.0097656250 0.0076388889
0 0.3449218750 0.4812500000 0.0562500000 0.0375000000
0 0.5724609375 0.4656250000 0.0074218750 0.0062500000
0 0.7736328125 0.4770833333 0.0957031250 0.0277777778
0 0.5103515625 0.4795138889 0.0582031250 0.0270833333
0 0.2404296875 0.4753472222 0.0113281250 0.0090277778
0 0.8386718750 0.4864583333 0.0328125000 0.0270833333
0 0.8759765625 0.4829861111 0.0214843750 0.0187500000
0 0.5556640625 0.4875000000 0.0535156250 0.0194444444
0 0.6222656250 0.4843750000 0.0226562500 0.0145833333
0 0.4126953125 0.4829861111 0.0167968750 0.0090277778
0 0.7035156250 0.4892361111 0.0359375000 0.0215277778
0 0.2498046875 0.4916666667 0.0300781250 0.0166666667
0 0.4427734375 0.4916666667 0.0246093750 0.0166666667
0 0.4746093750 0.4895833333 0.0125000000 0.0097222222
0 0.6541015625 0.4951388889 0.0269531250 0.0097222222
0 0.7933593750 0.4958333333 0.0140625000 0.0083333333
