0 0.5339843750 0.1503472222 0.0671875000 0.0145833333
0 0.8224609375 0.1489583333 0.0121093750 0.0104166667
0 0.2058593750 0.1611111111 0.0882812500 0.0263888889
0 0.3744140625 0.1583333333 0.0707031250 0.0152777778
0 0.2802734375 0.3718750000 0.0691406250 0.0298611111
0 0.8916015625 0.3645833333 0.0566406250 0.0166666667
0 0.3281250000 0.3631944444 0.0109375000 0.0097222222
0 0.4570312500 0.4086805556 0.0156250000 0.0076388889
0 0.6742187500 0.4395833333 0.0273437500 0.0236111111
0 0.4654296875 0.4468750000 0.0714843750 0.0340277778
0 0.7802734375 0.4520833333 0.0949218750 0.0388888889
0 0.7046875000 0.4590277778 0.0367187500 0.0250000000
0 0.5257812500 0.4645833333 0.0656250000 0.0222222222
0 0.6335937500 0.4663194444 0.0570312500 0.0229166667
0 0.8789062500 0.4607638889 0.0242187500 0.0104166667
0 0.7464843750 0.4708333333 0.0203125000 0.0166666667
0 0.4681640625 0.4680555556 0.0082031250 0.0055555556
0 0.5896484375 0.4756944444 0.0269531250 0.0138888889
0 0.8654296875 0.4979166667 0.0097656250 0.0041666667
0 0.9107421875 0.4982638889 0.0183593750 0.0034722222
