0 0.2220703125 0.1232638889 0.0152343750 0.0062500000
0 0.8550781250 0.2611111111 0.0320312500 0.0166666667
0 0.2494140625 0.2659722222 0.0113281250 0.0041666667
0 0.2544921875 0.2784722222 0.0105468750 0.0083333333
0 0.2330078125 0.2923611111 0.0332031250 0.0125000000
0 0.8505859375 0.3111111111 0.0308593750 0.0180555556
0 0.4226562500 0.3114583333 0.0101562500 0.0076388889
0 0.4914062500 0.3260416667 0.0156250000 0.0118055556
0 0.4187500000 0.3565972222 0.0273437500 0.0159722222
0 0.5232421875 0.3597222222 0.0214843750 0.0166666667
0 0.7404296875 0.3569444444 0.0183593750 0.0125000000
0 0.3345703125 0.3604166667 0.0191406250 0.0166666667
0 0.3826171875 0.3590277778 0.0207031250 0.0111111111
0 0.3585937500 0.3618055556 0.0078125000 0.0069444444
0 0.4597656250 0.3673611111 0.0375000000 0.0166666667
0 0.7052734375 0.3649305556 0.0128906250 0.0090277778
0 0.6458984375 0.3670138889 0.0105468750 0.0090277778
0 0.2441406250 0.3795138889 0.0132812500 0.0090277778
0 0.6945312500 0.3875000000 0.0156250000 0.0138888889
0 0.5601562500 0.3885416667 0.0171875000 0.0090277778
0 0.6552734375 0.3913194444 0.0191406250 0.0131944444
0 0.8621093750 0.4142361111 0.0179687500 0.0118055556
0 0.2654296875 0.4263888889 0.0082031250 0.0069444444
0 0.8191406250 0.4343750000 0.0093750000 0.0076388889
0 0.8605468750 0.4524305556 0.0109375000 0.0076388889
0 0.2691406250 0.4690972222 0.0101562500 0.0076388889
0 0.8705078125 0.4878472222 0.0277343750 0.0243055556
