0 0.2371093750 0.2913194444 0.0101562500 0.0048611111
0 0.6156250000 0.3111111111 0.0109375000 0.0083333333
0 0.8810546875 0.3149305556 0.0167968750 0.0118055556
0 0.8611328125 0.3184027778 0.0105468750 0.0076388889
0 0.4000000000 0.3343750000 0.0468750000 0.0215277778
0 0.3605468750 0.3402777778 0.0234375000 0.0208333333
0 0.5736328125 0.3666666667 0.0089843750 0.0069444444
0 0.5609375000 0.3743055556 0.0140625000 0.0097222222
0 0.7013671875 0.3770833333 0.0113281250 0.0097222222
0 0.9062500000 0.3756944444 0.0117187500 0.0083333333
0 0.2310546875 0.3958333333 0.0105468750 0.0083333333
0 0.7355468750 0.4020833333 0.0320312500 0.0222222222
0 0.5458984375 0.4118055556 0.0488281250 0.0208333333
0 0.6876953125 0.4114583333 0.0386718750 0.0215277778
0 0.6087890625 0.4145833333 0.0433593750 0.0236111111
0 0.5074218750 0.4170138889 0.0078125000 0.0062500000
0 0.8685546875 0.4357638889 0.0144531250 0.0076388889
0 0.8472656250 0.4625000000 0.0171875000 0.0097222222
0 0.8537109375 0.4809027778 0.0191406250 0.0159722222
0 0.9150390625 0.4788194444 0.0097656250 0.0048611111
0 0.8234375000 0.4840277778 0.0078125000 0.0055555556
0 0.1912109375 0.4864583333 0.0128906250 0.0076388889
