0 0.2962890625 0.3569444444 0.1097656250 0.0319444444
0 0.8902343750 0.3482638889 0.0320312500 0.0090277778
0 0.5078125000 0.3545138889 0.0335937500 0.0159722222
0 0.6005859375 0.3531250000 0.0183593750 0.0104166667
0 0.4333984375 0.3656250000 0.0324218750 0.0145833333
0 0.3845703125 0.3704861111 0.0207031250 0.0145833333
0 0.3640625000 0.3760416667 0.0148437500 0.0104166667
0 0.5332031250 0.4145833333 0.0375000000 0.0138888889
0 0.6693359375 0.4503472222 0.0871093750 0.0368055556
0 0.5525390625 0.4385416667 0.0121093750 0.0090277778
0 0.5171875000 0.4534722222 0.0406250000 0.0277777778
0 0.5537109375 0.4527777778 0.0183593750 0.0111111111
0 0.5859375000 0.4708333333 0.0382812500 0.0208333333
0 0.8511718750 0.4836805556 0.0117187500 0.0048611111
0 0.3066406250 0.4878472222 0.0117187500 0.0034722222
