0 0.8578125000 0.2826388889 0.0234375000 0.0097222222
0 0.4275390625 0.2902777778 0.0527343750 0.0111111111
0 0.3783203125 0.2954861111 0.0167968750 0.0090277778
0 0.9013671875 0.2972222222 0.0113281250 0.0097222222
0 0.3507812500 0.2986111111 0.0109375000 0.0083333333
0 0.3707031250 0.3795138889 0.0562500000 0.0368055556
0 0.7353515625 0.3718750000 0.0355468750 0.0173611111
0 0.6947265625 0.3812500000 0.0417968750 0.0222222222
0 0.4933593750 0.3819444444 0.0250000000 0.0208333333
0 0.4183593750 0.3857638889 0.0390625000 0.0201388889
0 0.5580078125 0.3881944444 0.0285156250 0.0138888889
0 0.5261718750 0.3868055556 0.0148437500 0.0083333333
0 0.2458984375 0.3885416667 0.0105468750 0.0048611111
0 0.6488281250 0.4024305556 0.0242187500 0.0173611111
0 0.9164062500 0.3968750000 0.0070312500 0.0062500000
0 0.4496093750 0.4045138889 0.0117187500 0.0076388889
0 0.4703125000 0.4076388889 0.0093750000 0.0083333333
0 0.5480468750 0.4118055556 0.0226562500 0.0111111111
0 0.6734375000 0.4111111111 0.0101562500 0.0069444444
0 0.9144531250 0.4222222222 0.0109375000 0.0055555556
0 0.8513671875 0.4569444444 0.0191406250 0.0152777778
0 0.7658203125 0.4684027778 0.0097656250 0.0048611111
0 0.8236328125 0.4951388889 0.0082031250 0.0055555556
