0 0.8640625000 0.3118055556 0.0132812500 0.0111111111
0 0.4335937500 0.3246527778 0.0296875000 0.0118055556
0 0.4753906250 0.3260416667 0.0304687500 0.0131944444
0 0.3572265625 0.3315972222 0.0160156250 0.0118055556
0 0.2507812500 0.3329861111 0.0140625000 0.0076388889
0 0.8363281250 0.3666666667 0.0164062500 0.0138888889
0 0.7925781250 0.4072916667 0.1031250000 0.0354166667
0 0.3410156250 0.3972222222 0.0171875000 0.0125000000
0 0.8945312500 0.4131944444 0.0507812500 0.0444444444
0 0.6365234375 0.4079861111 0.0261718750 0.0145833333
0 0.4171875000 0.4128472222 0.0335937500 0.0145833333
0 0.2437500000 0.4128472222 0.0234375000 0.0118055556
0 0.7263671875 0.4131944444 0.0230468750 0.0138888889
0 0.8003906250 0.4125000000 0.0062500000 0.0055555556
0 0.3763671875 0.4215277778 0.0230468750 0.0180555556
0 0.4908203125 0.4204861111 0.0183593750 0.0131944444
0 0.5480468750 0.4201388889 0.0078125000 0.0069444444
0 0.4814453125 0.4302083333 0.0449218750 0.0243055556
0 0.6890625000 0.4270833333 0.0218750000 0.0111111111
0 0.5216796875 0.4298611111 0.0136718750 0.0083333333
0 0.4439453125 0.4302083333 0.0089843750 0.0048611111
0 0.7271484375 0.4343750000 0.0152343750 0.0090277778
0 0.5679687500 0.4364583333 0.0125000000 0.0076388889
0 0.7689453125 0.4618055556 0.0113281250 0.0041666667
0 0.4287109375 0.4732638889 0.0089843750 0.0062500000
0 0.4626953125 0.4739583333 0.0136718750 0.0076388889
