0 0.1359375000 0.1930555556 0.0218750000 0.0166666667
0 0.8109375000 0.3531250000 0.0210937500 0.0145833333
0 0.8580078125 0.3583333333 0.0480468750 0.0152777778
0 0.5105468750 0.3718750000 0.0117187500 0.0048611111
0 0.2765625000 0.3809027778 0.0304687500 0.0159722222
0 0.8609375000 0.4604166667 0.0757812500 0.0458333333
0 0.7830078125 0.4628472222 0.0621093750 0.0423611111
0 0.5222656250 0.4531250000 0.0117187500 0.0090277778
0 0.3464843750 0.4663194444 0.0367187500 0.0215277778
0 0.4929687500 0.4635416667 0.0109375000 0.0062500000
0 0.5587890625 0.4680555556 0.0214843750 0.0152777778
0 0.4798828125 0.4718750000 0.0121093750 0.0090277778
0 0.6505859375 0.4725694444 0.0136718750 0.0104166667
0 0.4119140625 0.4798611111 0.0582031250 0.0222222222
0 0.5986328125 0.4791666667 0.0167968750 0.0069444444
0 0.5332031250 0.4840277778 0.0132812500 0.0083333333
0 0.5695312500 0.4923611111 0.0085937500 0.0069444444
