0 0.7515625000 0.1496527778 0.0210937500 0.0118055556
0 0.2861328125 0.1600694444 0.0589843750 0.0243055556
0 0.5337890625 0.1517361111 0.0074218750 0.0062500000
0 0.3511718750 0.1565972222 0.0515625000 0.0145833333
0 0.4697265625 0.1548611111 0.0128906250 0.0097222222
0 0.3931640625 0.1607638889 0.0214843750 0.0118055556
0 0.4251953125 0.4180555556 0.0082031250 0.0069444444
0 0.8074218750 0.4371527778 0.1242187500 0.0451388889
0 0.8697265625 0.4243055556 0.0097656250 0.0083333333
0 0.7162109375 0.4326388889 0.0136718750 0.0083333333
0 0.4550781250 0.4475694444 0.0414062500 0.0243055556
0 0.5628906250 0.4440972222 0.0429687500 0.0173611111
0 0.6253906250 0.4506944444 0.0273437500 0.0222222222
0 0.6888671875 0.4527777778 0.0417968750 0.0208333333
0 0.4972656250 0.4555555556 0.0601562500 0.0236111111
0 0.7328125000 0.4510416667 0.0117187500 0.0090277778
0 0.6503906250 0.4600694444 0.0109375000 0.0076388889
0 0.5363281250 0.4631944444 0.0187500000 0.0083333333
0 0.8646484375 0.4809027778 0.0222656250 0.0076388889
