0 0.8367187500 0.1649305556 0.1664062500 0.0284722222
0 0.7103515625 0.1690972222 0.0347656250 0.0104166667
0 0.6757812500 0.1701388889 0.0164062500 0.0069444444
0 0.3042968750 0.1788194444 0.0179687500 0.0145833333
0 0.8402343750 0.3506944444 0.0656250000 0.0208333333
0 0.8355468750 0.4076388889 0.0234375000 0.0208333333
0 0.7996093750 0.4510416667 0.1179687500 0.0423611111
0 0.4271484375 0.4527777778 0.0207031250 0.0097222222
0 0.3724609375 0.4635416667 0.0238281250 0.0159722222
0 0.4835937500 0.4670138889 0.0265625000 0.0229166667
0 0.5419921875 0.4621527778 0.0097656250 0.0048611111
0 0.5164062500 0.4756944444 0.0257812500 0.0166666667
0 0.2250000000 0.4854166667 0.0171875000 0.0125000000
0 0.2328125000 0.4961805556 0.0109375000 0.0076388889
