0 0.1218750000 0.1215277778 0.0140625000 0.0027777778
0 0.8539062500 0.2809027778 0.0234375000 0.0201388889
0 0.8865234375 0.2822916667 0.0183593750 0.0131944444
0 0.8228515625 0.2795138889 0.0089843750 0.0048611111
0 0.4105468750 0.3031250000 0.1257812500 0.0381944444
0 0.4906250000 0.2927083333 0.0101562500 0.0090277778
0 0.3326171875 0.3152777778 0.0113281250 0.0083333333
0 0.5453125000 0.3381944444 0.0117187500 0.0097222222
0 0.6728515625 0.3888888889 0.1621093750 0.0513888889
0 0.4593750000 0.3784722222 0.0203125000 0.0125000000
0 0.8785156250 0.3805555556 0.0109375000 0.0097222222
0 0.5718750000 0.3875000000 0.0156250000 0.0138888889
0 0.5013671875 0.3923611111 0.0222656250 0.0180555556
0 0.5425781250 0.3930555556 0.0304687500 0.0152777778
0 0.2375000000 0.4086805556 0.0117187500 0.0076388889
0 0.8583984375 0.4281250000 0.0199218750 0.0131944444
0 0.3160156250 0.4322916667 0.0117187500 0.0104166667
0 0.8941406250 0.4329861111 0.0117187500 0.0104166667
0 0.2656250000 0.4392361111 0.0140625000 0.0090277778
0 0.2402343750 0.4413194444 0.0132812500 0.0076388889
0 0.8222656250 0.4559027778 0.0523437500 0.0243055556
0 0.8572265625 0.4663194444 0.0121093750 0.0076388889
0 0.5814453125 0.4756944444 0.0105468750 0.0055555556
