0 0.8527343750 0.3180555556 0.0234375000 0.0208333333
0 0.4613281250 0.3291666667 0.0257812500 0.0138888889
0 0.4136718750 0.3381944444 0.0515625000 0.0250000000
0 0.3632812500 0.3434027778 0.0289062500 0.0118055556
0 0.5498046875 0.3767361111 0.0269531250 0.0145833333
0 0.4830078125 0.3791666667 0.0292968750 0.0152777778
0 0.5832031250 0.3947916667 0.0101562500 0.0090277778
0 0.7183593750 0.4236111111 0.0703125000 0.0486111111
0 0.2689453125 0.4131944444 0.0113281250 0.0055555556
0 0.4597656250 0.4173611111 0.0242187500 0.0138888889
0 0.5003906250 0.4298611111 0.0250000000 0.0194444444
0 0.5433593750 0.4298611111 0.0296875000 0.0138888889
0 0.6609375000 0.4291666667 0.0187500000 0.0097222222
0 0.2787109375 0.4326388889 0.0128906250 0.0069444444
0 0.9130859375 0.4388888889 0.0136718750 0.0097222222
0 0.6136718750 0.4434027778 0.0304687500 0.0145833333
0 0.2394531250 0.4472222222 0.0101562500 0.0055555556
0 0.8523437500 0.4638888889 0.0218750000 0.0083333333
0 0.3197265625 0.4697916667 0.0175781250 0.0145833333
0 0.8931640625 0.4708333333 0.0121093750 0.0083333333
0 0.2669921875 0.4781250000 0.0136718750 0.0090277778
0 0.2421875000 0.4798611111 0.0132812500 0.0069444444
