0 0.8523437500 0.3267361111 0.0570312500 0.0215277778
0 0.6310546875 0.3406250000 0.0105468750 0.0090277778
0 0.4582031250 0.3454861111 0.1296875000 0.0159722222
0 0.5478515625 0.3420138889 0.0175781250 0.0104166667
0 0.3677734375 0.3500000000 0.0152343750 0.0097222222
0 0.2605468750 0.3527777778 0.0148437500 0.0083333333
0 0.7845703125 0.4166666667 0.0660156250 0.0250000000
0 0.3585937500 0.4208333333 0.0195312500 0.0166666667
0 0.8619140625 0.4208333333 0.0144531250 0.0111111111
0 0.7326171875 0.4284722222 0.0300781250 0.0208333333
0 0.6519531250 0.4256944444 0.0156250000 0.0111111111
0 0.4667968750 0.4253472222 0.0164062500 0.0076388889
0 0.8419921875 0.4402777778 0.0386718750 0.0291666667
0 0.4390625000 0.4309027778 0.0093750000 0.0062500000
0 0.3361328125 0.4385416667 0.0199218750 0.0159722222
0 0.3820312500 0.4381944444 0.0187500000 0.0166666667
0 0.4214843750 0.4347222222 0.0109375000 0.0097222222
0 0.7669921875 0.4347222222 0.0136718750 0.0097222222
0 0.7095703125 0.4552083333 0.0699218750 0.0270833333
0 0.3035156250 0.4458333333 0.0085937500 0.0041666667
0 0.4958984375 0.4562500000 0.0363281250 0.0152777778
0 0.6146484375 0.4642361111 0.0738281250 0.0229166667
0 0.2345703125 0.4618055556 0.0160156250 0.0125000000
0 0.5417968750 0.4611111111 0.0289062500 0.0097222222
0 0.7660156250 0.4642361111 0.0101562500 0.0076388889
0 0.5906250000 0.4791666667 0.0078125000 0.0069444444
