0 0.4396484375 0.2791666667 0.0207031250 0.0097222222
0 0.3648437500 0.2847222222 0.0148437500 0.0083333333
0 0.4128906250 0.2829861111 0.0078125000 0.0062500000
0 0.2460937500 0.2972222222 0.0382812500 0.0291666667
0 0.8216796875 0.3684027778 0.0832031250 0.0451388889
0 0.7640625000 0.3677083333 0.0203125000 0.0145833333
0 0.3332031250 0.3736111111 0.0203125000 0.0152777778
0 0.4208984375 0.3711805556 0.0121093750 0.0090277778
0 0.4912109375 0.3892361111 0.0160156250 0.0062500000
0 0.5875000000 0.4034722222 0.0085937500 0.0069444444
0 0.8888671875 0.4361111111 0.0238281250 0.0138888889
0 0.8570312500 0.4600694444 0.0085937500 0.0062500000
0 0.8310546875 0.4628472222 0.0160156250 0.0090277778
0 0.7636718750 0.4663194444 0.0132812500 0.0104166667
0 0.4556640625 0.4711805556 0.0339843750 0.0159722222
0 0.7384765625 0.4670138889 0.0097656250 0.0062500000
0 0.5568359375 0.4743055556 0.0136718750 0.0111111111
0 0.6058593750 0.4756944444 0.0320312500 0.0111111111
0 0.5306640625 0.4760416667 0.0144531250 0.0090277778
0 0.4933593750 0.4774305556 0.0101562500 0.0062500000
0 0.4408203125 0.4795138889 0.0105468750 0.0048611111
