0 0.8576171875 0.3468750000 0.0128906250 0.0076388889
0 0.5115234375 0.3590277778 0.0074218750 0.0055555556
0 0.2662109375 0.3722222222 0.0433593750 0.0222222222
0 0.8609375000 0.4486111111 0.0750000000 0.0458333333
0 0.7830078125 0.4534722222 0.0597656250 0.0500000000
0 0.2294921875 0.4381944444 0.0183593750 0.0152777778
0 0.5218750000 0.4409722222 0.0125000000 0.0083333333
0 0.3462890625 0.4534722222 0.0371093750 0.0208333333
0 0.4646484375 0.4586805556 0.0425781250 0.0243055556
0 0.7085937500 0.4590277778 0.0101562500 0.0083333333
0 0.2412109375 0.4621527778 0.0167968750 0.0104166667
0 0.4310546875 0.4673611111 0.0339843750 0.0222222222
0 0.3865234375 0.4618055556 0.0074218750 0.0055555556
0 0.5970703125 0.4670138889 0.0136718750 0.0076388889
0 0.6796875000 0.4743055556 0.0835937500 0.0180555556
0 0.5730468750 0.4795138889 0.0156250000 0.0090277778
