0 0.2402343750 0.2784722222 0.0234375000 0.0055555556
0 0.9011718750 0.2986111111 0.0375000000 0.0152777778
0 0.2951171875 0.3090277778 0.1058593750 0.0319444444
0 0.5535156250 0.2996527778 0.0195312500 0.0118055556
0 0.5214843750 0.3024305556 0.0187500000 0.0076388889
0 0.4441406250 0.3121527778 0.0382812500 0.0201388889
0 0.3929687500 0.3288194444 0.0140625000 0.0118055556
0 0.4355468750 0.3267361111 0.0109375000 0.0062500000
0 0.7562500000 0.3774305556 0.0421875000 0.0326388889
0 0.6929687500 0.3784722222 0.0523437500 0.0263888889
0 0.6486328125 0.3770833333 0.0121093750 0.0097222222
0 0.5656250000 0.3788194444 0.0187500000 0.0118055556
0 0.8677734375 0.3791666667 0.0136718750 0.0055555556
0 0.2503906250 0.3847222222 0.0132812500 0.0069444444
0 0.5316406250 0.3892361111 0.0132812500 0.0090277778
0 0.5017578125 0.3909722222 0.0144531250 0.0097222222
0 0.5906250000 0.3940972222 0.0125000000 0.0076388889
0 0.6794921875 0.3965277778 0.0167968750 0.0138888889
0 0.5554687500 0.4034722222 0.0140625000 0.0097222222
0 0.6546875000 0.4090277778 0.0171875000 0.0111111111
0 0.6185546875 0.4104166667 0.0214843750 0.0111111111
0 0.8527343750 0.4420138889 0.0078125000 0.0062500000
0 0.8919921875 0.4656250000 0.0183593750 0.0118055556
0 0.8273437500 0.4791666667 0.0226562500 0.0194444444
0 0.7535156250 0.4753472222 0.0117187500 0.0062500000
0 0.8671875000 0.4826388889 0.0328125000 0.0194444444
0 0.8943359375 0.4920138889 0.0121093750 0.0104166667
