0 0.4365234375 0.3204861111 0.0136718750 0.0076388889
0 0.2701171875 0.3208333333 0.0136718750 0.0069444444
0 0.4912109375 0.3913194444 0.0136718750 0.0090277778
0 0.7222656250 0.4093750000 0.0773437500 0.0451388889
0 0.8324218750 0.4090277778 0.1171875000 0.0402777778
0 0.4005859375 0.4152777778 0.0183593750 0.0138888889
0 0.4783203125 0.4225694444 0.0496093750 0.0270833333
0 0.5671875000 0.4156250000 0.0554687500 0.0131944444
0 0.4457031250 0.4250000000 0.0164062500 0.0097222222
0 0.5160156250 0.4312500000 0.0367187500 0.0208333333
0 0.6712890625 0.4326388889 0.0082031250 0.0069444444
0 0.7798828125 0.4368055556 0.0121093750 0.0097222222
0 0.8138671875 0.4770833333 0.0128906250 0.0083333333
