0 0.2925781250 0.2555555556 0.0078125000 0.0069444444
0 0.8919921875 0.3125000000 0.0441406250 0.0138888889
0 0.2888671875 0.3243055556 0.1058593750 0.0333333333
0 0.5847656250 0.3131944444 0.0195312500 0.0055555556
0 0.8462890625 0.3461805556 0.0542968750 0.0368055556
0 0.2320312500 0.3388888889 0.0179687500 0.0125000000
0 0.7759765625 0.3513888889 0.0566406250 0.0305555556
0 0.7326171875 0.3486111111 0.0175781250 0.0138888889
0 0.4634765625 0.3517361111 0.0332031250 0.0145833333
0 0.6914062500 0.4003472222 0.1156250000 0.0645833333
0 0.4894531250 0.3788194444 0.0101562500 0.0076388889
0 0.8316406250 0.3968750000 0.0679687500 0.0368055556
0 0.2451171875 0.3854166667 0.0121093750 0.0097222222
0 0.4615234375 0.4072916667 0.0558593750 0.0298611111
0 0.7644531250 0.4114583333 0.0375000000 0.0326388889
0 0.5835937500 0.4142361111 0.0820312500 0.0270833333
0 0.8728515625 0.4545138889 0.0113281250 0.0048611111
0 0.4212890625 0.4569444444 0.0097656250 0.0069444444
0 0.5179687500 0.4590277778 0.0140625000 0.0069444444
0 0.8388671875 0.4697916667 0.0121093750 0.0090277778
0 0.8763671875 0.4680555556 0.0074218750 0.0055555556
0 0.2294921875 0.4739583333 0.0128906250 0.0090277778
0 0.7748046875 0.4715277778 0.0121093750 0.0055555556
0 0.8810546875 0.4760416667 0.0105468750 0.0090277778
0 0.3988281250 0.4791666667 0.0101562500 0.0041666667
0 0.7994140625 0.4805555556 0.0128906250 0.0069444444
0 0.8830078125 0.4944444444 0.0183593750 0.0111111111
