0 0.8277343750 0.3243055556 0.0140625000 0.0069444444
0 0.6248046875 0.3326388889 0.0113281250 0.0097222222
0 0.4480468750 0.3381944444 0.0515625000 0.0152777778
0 0.4089843750 0.3430555556 0.0101562500 0.0041666667
0 0.2373046875 0.3527777778 0.0082031250 0.0069444444
0 0.2421875000 0.3663194444 0.0156250000 0.0131944444
0 0.8388671875 0.3829861111 0.0175781250 0.0090277778
0 0.4898437500 0.4055555556 0.0140625000 0.0083333333
0 0.7373046875 0.4190972222 0.0464843750 0.0368055556
0 0.8320312500 0.4229166667 0.1171875000 0.0402777778
0 0.4349609375 0.4197916667 0.0285156250 0.0187500000
0 0.6785156250 0.4201388889 0.0070312500 0.0055555556
0 0.2494140625 0.4263888889 0.0191406250 0.0083333333
0 0.5664062500 0.4291666667 0.0546875000 0.0152777778
0 0.4531250000 0.4326388889 0.0296875000 0.0194444444
0 0.4937500000 0.4326388889 0.0187500000 0.0152777778
0 0.6951171875 0.4371527778 0.0222656250 0.0159722222
0 0.5156250000 0.4458333333 0.0367187500 0.0208333333
0 0.4740234375 0.4472222222 0.0160156250 0.0111111111
0 0.6707031250 0.4465277778 0.0078125000 0.0055555556
0 0.7792968750 0.4506944444 0.0125000000 0.0111111111
0 0.7777343750 0.4631944444 0.0179687500 0.0083333333
0 0.8683593750 0.4982638889 0.0187500000 0.0034722222
