0 0.8466796875 0.2895833333 0.0472656250 0.0180555556
0 0.5769531250 0.2986111111 0.0148437500 0.0055555556
0 0.5292968750 0.3041666667 0.0203125000 0.0097222222
0 0.3955078125 0.3083333333 0.0246093750 0.0111111111
0 0.4570312500 0.3069444444 0.0335937500 0.0097222222
0 0.4904296875 0.3069444444 0.0183593750 0.0083333333
0 0.2498046875 0.3211805556 0.0503906250 0.0312500000
0 0.4244140625 0.3090277778 0.0144531250 0.0041666667
0 0.2009765625 0.3305555556 0.0113281250 0.0097222222
0 0.7607421875 0.3475694444 0.0246093750 0.0215277778
0 0.4496093750 0.3604166667 0.0335937500 0.0111111111
0 0.8068359375 0.3947916667 0.1644531250 0.0465277778
0 0.3867187500 0.3763888889 0.0093750000 0.0055555556
0 0.6486328125 0.3770833333 0.0113281250 0.0055555556
0 0.3392578125 0.4006944444 0.0277343750 0.0208333333
0 0.5562500000 0.4006944444 0.0476562500 0.0180555556
0 0.4474609375 0.4052083333 0.0355468750 0.0256944444
0 0.6171875000 0.4059027778 0.0273437500 0.0229166667
0 0.6849609375 0.4131944444 0.0535156250 0.0291666667
0 0.4908203125 0.4131944444 0.0589843750 0.0263888889
0 0.7341796875 0.4069444444 0.0253906250 0.0125000000
0 0.5308593750 0.4159722222 0.0195312500 0.0152777778
0 0.6371093750 0.4208333333 0.0242187500 0.0125000000
0 0.8593750000 0.4395833333 0.0218750000 0.0097222222
0 0.2742187500 0.4430555556 0.0125000000 0.0083333333
0 0.8484375000 0.4673611111 0.0195312500 0.0083333333
0 0.5263671875 0.4770833333 0.0308593750 0.0125000000
0 0.7562500000 0.4753472222 0.0117187500 0.0090277778
0 0.7208984375 0.4763888889 0.0121093750 0.0055555556
0 0.8919921875 0.4920138889 0.0160156250 0.0104166667
0 0.8312500000 0.4972222222 0.0171875000 0.0055555556
