0 0.1195312500 0.1270833333 0.0203125000 0.0138888889
0 0.2125000000 0.2784722222 0.0117187500 0.0069444444
0 0.8416015625 0.2965277778 0.0660156250 0.0277777778
0 0.2671875000 0.3131944444 0.0156250000 0.0125000000
0 0.4330078125 0.3114583333 0.0136718750 0.0076388889
0 0.2396484375 0.3319444444 0.0496093750 0.0361111111
0 0.2746093750 0.3263888889 0.0156250000 0.0055555556
0 0.1486328125 0.3718750000 0.0097656250 0.0076388889
0 0.8048828125 0.3718750000 0.0105468750 0.0090277778
0 0.3822265625 0.3750000000 0.0144531250 0.0097222222
0 0.3666015625 0.4052083333 0.0339843750 0.0270833333
0 0.4599609375 0.4118055556 0.0074218750 0.0055555556
0 0.5160156250 0.4208333333 0.0085937500 0.0069444444
0 0.2240234375 0.4322916667 0.0183593750 0.0131944444
0 0.8126953125 0.4569444444 0.0089843750 0.0041666667
0 0.8787109375 0.4701388889 0.0238281250 0.0138888889
0 0.7566406250 0.4694444444 0.0101562500 0.0083333333
0 0.8542968750 0.4815972222 0.0414062500 0.0298611111
0 0.5187500000 0.4750000000 0.0156250000 0.0083333333
0 0.8203125000 0.4958333333 0.0101562500 0.0083333333
0 0.8451171875 0.4958333333 0.0128906250 0.0083333333
