0 0.8503906250 0.2482638889 0.0210937500 0.0145833333
0 0.2408203125 0.2569444444 0.0199218750 0.0125000000
0 0.4431640625 0.2590277778 0.0503906250 0.0097222222
0 0.4988281250 0.2583333333 0.0187500000 0.0083333333
0 0.2501953125 0.2645833333 0.0113281250 0.0083333333
0 0.2246093750 0.2784722222 0.0382812500 0.0138888889
0 0.4847656250 0.3131944444 0.0093750000 0.0083333333
0 0.3591796875 0.3197916667 0.0269531250 0.0187500000
0 0.3957031250 0.3239583333 0.0164062500 0.0090277778
0 0.8062500000 0.3281250000 0.0085937500 0.0062500000
0 0.7814453125 0.3572916667 0.1222656250 0.0506944444
0 0.4128906250 0.3420138889 0.0281250000 0.0145833333
0 0.3765625000 0.3437500000 0.0273437500 0.0152777778
0 0.3355468750 0.3496527778 0.0265625000 0.0201388889
0 0.5193359375 0.3496527778 0.0238281250 0.0090277778
0 0.4953125000 0.3694444444 0.0390625000 0.0277777778
0 0.2378906250 0.3677083333 0.0164062500 0.0145833333
0 0.5468750000 0.3718750000 0.0367187500 0.0229166667
0 0.3775390625 0.3694444444 0.0136718750 0.0111111111
0 0.6539062500 0.3774305556 0.0875000000 0.0243055556
0 0.4359375000 0.3798611111 0.0796875000 0.0222222222
0 0.8521484375 0.3996527778 0.0113281250 0.0062500000
0 0.8138671875 0.4225694444 0.0097656250 0.0048611111
0 0.5468750000 0.4774305556 0.0156250000 0.0090277778
0 0.2593750000 0.4819444444 0.0109375000 0.0083333333
