0 0.3156250000 0.2961805556 0.0234375000 0.0145833333
0 0.4759765625 0.2947916667 0.0167968750 0.0131944444
0 0.5154296875 0.2916666667 0.0167968750 0.0069444444
0 0.8718750000 0.2954861111 0.0203125000 0.0131944444
0 0.9138671875 0.2989583333 0.0121093750 0.0104166667
0 0.2869140625 0.3027777778 0.0144531250 0.0083333333
0 0.4988281250 0.3208333333 0.0179687500 0.0125000000
0 0.5544921875 0.3298611111 0.0457031250 0.0180555556
0 0.7695312500 0.3357638889 0.0367187500 0.0284722222
0 0.5394531250 0.3770833333 0.0289062500 0.0152777778
0 0.6058593750 0.3753472222 0.0101562500 0.0090277778
0 0.4537109375 0.3864583333 0.0738281250 0.0243055556
0 0.3917968750 0.3920138889 0.0445312500 0.0284722222
0 0.8208984375 0.3829861111 0.0144531250 0.0090277778
0 0.6146484375 0.3833333333 0.0082031250 0.0055555556
0 0.7707031250 0.3947916667 0.0437500000 0.0284722222
0 0.7210937500 0.3885416667 0.0289062500 0.0145833333
0 0.5048828125 0.3913194444 0.0105468750 0.0090277778
0 0.6802734375 0.3986111111 0.0292968750 0.0208333333
0 0.4976562500 0.4072916667 0.0609375000 0.0201388889
0 0.1958984375 0.4038194444 0.0105468750 0.0076388889
0 0.9134765625 0.4041666667 0.0128906250 0.0097222222
0 0.9046875000 0.4201388889 0.0085937500 0.0055555556
0 0.9023437500 0.4486111111 0.0351562500 0.0083333333
0 0.8484375000 0.4604166667 0.0195312500 0.0055555556
0 0.8779296875 0.4670138889 0.0089843750 0.0062500000
0 0.8501953125 0.4781250000 0.0207031250 0.0118055556
0 0.8841796875 0.4954861111 0.0214843750 0.0090277778
