0 0.8835937500 0.2649305556 0.0726562500 0.0215277778
0 0.2878906250 0.2763888889 0.0851562500 0.0263888889
0 0.2363281250 0.2822916667 0.0078125000 0.0062500000
0 0.7466796875 0.2951388889 0.0105468750 0.0055555556
0 0.2187500000 0.3097222222 0.0101562500 0.0041666667
0 0.2253906250 0.3506944444 0.0203125000 0.0138888889
0 0.8804687500 0.3645833333 0.0367187500 0.0319444444
0 0.7765625000 0.3625000000 0.0234375000 0.0208333333
0 0.4781250000 0.3628472222 0.0093750000 0.0062500000
0 0.8966796875 0.4347222222 0.0136718750 0.0097222222
0 0.8619140625 0.4729166667 0.0378906250 0.0111111111
0 0.8097656250 0.4722222222 0.0226562500 0.0069444444
