0 0.8556640625 0.3107638889 0.0199218750 0.0104166667
0 0.5472656250 0.3152777778 0.0750000000 0.0152777778
0 0.8914062500 0.3152777778 0.0265625000 0.0152777778
0 0.6021484375 0.3152777778 0.0144531250 0.0125000000
0 0.4787109375 0.3149305556 0.0386718750 0.0090277778
0 0.4017578125 0.3208333333 0.0316406250 0.0111111111
0 0.2648437500 0.3225694444 0.0101562500 0.0062500000
0 0.6144531250 0.3447916667 0.0164062500 0.0118055556
0 0.4525390625 0.3625000000 0.1824218750 0.0458333333
0 0.5830078125 0.3447916667 0.0128906250 0.0076388889
0 0.6472656250 0.3590277778 0.0382812500 0.0250000000
0 0.8093750000 0.3690972222 0.0632812500 0.0423611111
0 0.5931640625 0.3565972222 0.0175781250 0.0118055556
0 0.8638671875 0.3729166667 0.0261718750 0.0180555556
0 0.3359375000 0.3690972222 0.0109375000 0.0090277778
0 0.5794921875 0.3697916667 0.0113281250 0.0090277778
0 0.6777343750 0.3802083333 0.0164062500 0.0104166667
0 0.5734375000 0.3826388889 0.0171875000 0.0138888889
0 0.8396484375 0.3989583333 0.0652343750 0.0465277778
0 0.3531250000 0.3951388889 0.0062500000 0.0055555556
0 0.3748046875 0.4100694444 0.0667968750 0.0354166667
0 0.6410156250 0.4024305556 0.0242187500 0.0173611111
0 0.7083984375 0.4093750000 0.1035156250 0.0312500000
0 0.4869140625 0.4177083333 0.1441406250 0.0437500000
0 0.6156250000 0.4250000000 0.0406250000 0.0263888889
0 0.5783203125 0.4218750000 0.0253906250 0.0159722222
0 0.9076171875 0.4326388889 0.0246093750 0.0180555556
0 0.8705078125 0.4819444444 0.0613281250 0.0263888889
0 0.5083984375 0.4760416667 0.0207031250 0.0090277778
0 0.4492187500 0.4829861111 0.0101562500 0.0062500000
