0 0.7914062500 0.1493055556 0.0343750000 0.0138888889
0 0.1855468750 0.1583333333 0.0632812500 0.0277777778
0 0.6255859375 0.1527777778 0.0667968750 0.0138888889
0 0.6925781250 0.1503472222 0.0476562500 0.0090277778
0 0.2994140625 0.1562500000 0.0472656250 0.0166666667
0 0.4677734375 0.1569444444 0.1285156250 0.0180555556
0 0.2595703125 0.1545138889 0.0152343750 0.0104166667
0 0.3523437500 0.1590277778 0.0351562500 0.0180555556
0 0.5720703125 0.1555555556 0.0167968750 0.0111111111
0 0.8462890625 0.3385416667 0.0199218750 0.0145833333
0 0.5359375000 0.3479166667 0.0187500000 0.0097222222
0 0.4429687500 0.3500000000 0.0515625000 0.0111111111
0 0.2269531250 0.3687500000 0.0242187500 0.0111111111
0 0.8468750000 0.3829861111 0.0164062500 0.0118055556
0 0.8099609375 0.4416666667 0.1855468750 0.0652777778
0 0.4210937500 0.4319444444 0.0406250000 0.0166666667
0 0.3660156250 0.4350694444 0.0218750000 0.0159722222
0 0.5181640625 0.4364583333 0.0238281250 0.0173611111
0 0.4416015625 0.4458333333 0.0167968750 0.0138888889
0 0.5994140625 0.4500000000 0.0378906250 0.0180555556
0 0.6589843750 0.4663194444 0.0664062500 0.0368055556
0 0.5064453125 0.4656250000 0.1269531250 0.0312500000
0 0.6068359375 0.4607638889 0.0152343750 0.0104166667
0 0.5871093750 0.4687500000 0.0148437500 0.0111111111
0 0.9140625000 0.4791666667 0.0117187500 0.0083333333
