0 0.2720703125 0.1246527778 0.1144531250 0.0090277778
0 0.2214843750 0.2027777778 0.0109375000 0.0083333333
0 0.2931640625 0.2569444444 0.0105468750 0.0069444444
0 0.3193359375 0.2625000000 0.0269531250 0.0152777778
0 0.2677734375 0.2718750000 0.0558593750 0.0243055556
0 0.4330078125 0.2770833333 0.0128906250 0.0083333333
0 0.7117187500 0.3434027778 0.0320312500 0.0201388889
0 0.8496093750 0.3399305556 0.0117187500 0.0104166667
0 0.7554687500 0.3482638889 0.0125000000 0.0104166667
0 0.2419921875 0.3711805556 0.0113281250 0.0076388889
0 0.8621093750 0.3760416667 0.0226562500 0.0090277778
0 0.4742187500 0.4166666667 0.0250000000 0.0208333333
0 0.4337890625 0.4152777778 0.0222656250 0.0152777778
0 0.8718750000 0.4319444444 0.0960937500 0.0486111111
0 0.8976562500 0.4819444444 0.0445312500 0.0361111111
0 0.8263671875 0.4881944444 0.0207031250 0.0083333333
