0 0.0857421875 0.1232638889 0.0113281250 0.0062500000
0 0.2388671875 0.1253472222 0.0300781250 0.0104166667
0 0.2855468750 0.2326388889 0.0125000000 0.0069444444
0 0.8714843750 0.2690972222 0.0968750000 0.0312500000
0 0.2386718750 0.2788194444 0.0117187500 0.0062500000
0 0.3601562500 0.2972222222 0.0226562500 0.0180555556
0 0.8970703125 0.3427083333 0.0183593750 0.0048611111
0 0.7652343750 0.3475694444 0.0148437500 0.0104166667
0 0.8296875000 0.3670138889 0.0554687500 0.0284722222
0 0.5080078125 0.3593750000 0.0097656250 0.0076388889
0 0.7699218750 0.3614583333 0.0210937500 0.0131944444
0 0.5587890625 0.3701388889 0.0152343750 0.0125000000
0 0.4644531250 0.3725694444 0.0210937500 0.0104166667
0 0.7574218750 0.3770833333 0.0312500000 0.0152777778
0 0.2294921875 0.3795138889 0.0082031250 0.0062500000
0 0.6554687500 0.3861111111 0.0195312500 0.0111111111
0 0.8572265625 0.4406250000 0.0191406250 0.0159722222
0 0.8873046875 0.4687500000 0.0066406250 0.0055555556
0 0.8292968750 0.4781250000 0.0085937500 0.0062500000
0 0.8855468750 0.4871527778 0.0085937500 0.0048611111
0 0.8275390625 0.4937500000 0.0175781250 0.0125000000
0 0.8646484375 0.4940972222 0.0214843750 0.0118055556
