0 0.5720703125 0.3371527778 0.0230468750 0.0104166667
0 0.8964843750 0.3357638889 0.0140625000 0.0090277778
0 0.5207031250 0.3392361111 0.0171875000 0.0131944444
0 0.6134765625 0.3378472222 0.0097656250 0.0076388889
0 0.2914062500 0.3475694444 0.0750000000 0.0243055556
0 0.4550781250 0.3454861111 0.0804687500 0.0187500000
0 0.3617187500 0.3583333333 0.0179687500 0.0152777778
0 0.8400390625 0.3736111111 0.0332031250 0.0208333333
0 0.7007812500 0.3777777778 0.0250000000 0.0208333333
0 0.7880859375 0.4024305556 0.0183593750 0.0145833333
0 0.7671875000 0.4059027778 0.0132812500 0.0090277778
0 0.9019531250 0.4072916667 0.0117187500 0.0062500000
0 0.4296875000 0.4097222222 0.0078125000 0.0055555556
0 0.7900390625 0.4295138889 0.0675781250 0.0368055556
0 0.4095703125 0.4256944444 0.0339843750 0.0250000000
0 0.8470703125 0.4277777778 0.0316406250 0.0263888889
0 0.5222656250 0.4298611111 0.0390625000 0.0208333333
0 0.5865234375 0.4246527778 0.0308593750 0.0090277778
0 0.6466796875 0.4340277778 0.0988281250 0.0236111111
0 0.4548828125 0.4322916667 0.0066406250 0.0048611111
0 0.4634765625 0.4486111111 0.0316406250 0.0263888889
0 0.5699218750 0.4631944444 0.0210937500 0.0138888889
0 0.6167968750 0.4618055556 0.0078125000 0.0055555556
0 0.8589843750 0.4951388889 0.0140625000 0.0097222222
