0 0.5005859375 0.1545138889 0.6261718750 0.0270833333
0 0.8386718750 0.1479166667 0.0171875000 0.0125000000
0 0.8267578125 0.3340277778 0.0175781250 0.0111111111
0 0.4419921875 0.3524305556 0.0222656250 0.0131944444
0 0.2449218750 0.3767361111 0.0179687500 0.0145833333
0 0.7548828125 0.4180555556 0.0191406250 0.0138888889
0 0.8029296875 0.4274305556 0.0613281250 0.0326388889
0 0.8597656250 0.4281250000 0.0242187500 0.0201388889
0 0.5591796875 0.4416666667 0.0300781250 0.0166666667
0 0.8408203125 0.4437500000 0.0121093750 0.0097222222
0 0.5171875000 0.4579861111 0.0328125000 0.0229166667
0 0.4787109375 0.4590277778 0.0308593750 0.0166666667
0 0.8351562500 0.4725694444 0.0226562500 0.0187500000
