0 0.5363281250 0.3513888889 0.0257812500 0.0166666667
0 0.5929687500 0.3496527778 0.0671875000 0.0131944444
0 0.4527343750 0.3520833333 0.1234375000 0.0152777778
0 0.6650390625 0.3472222222 0.0207031250 0.0069444444
0 0.4052734375 0.4354166667 0.0824218750 0.0416666667
0 0.4976562500 0.4236111111 0.0257812500 0.0166666667
0 0.7322265625 0.4326388889 0.0488281250 0.0347222222
0 0.8085937500 0.4381944444 0.0804687500 0.0388888889
0 0.8498046875 0.4315972222 0.0207031250 0.0173611111
0 0.4441406250 0.4277777778 0.0070312500 0.0041666667
0 0.6417968750 0.4315972222 0.0187500000 0.0104166667
0 0.5058593750 0.4517361111 0.1070312500 0.0451388889
0 0.6957031250 0.4517361111 0.0617187500 0.0465277778
0 0.5638671875 0.4430555556 0.0402343750 0.0152777778
0 0.4441406250 0.4625000000 0.0375000000 0.0250000000
0 0.6246093750 0.4635416667 0.0640625000 0.0284722222
0 0.5951171875 0.4534722222 0.0074218750 0.0055555556
0 0.2244140625 0.4701388889 0.0113281250 0.0083333333
0 0.8371093750 0.4756944444 0.0132812500 0.0097222222
