0 0.1212890625 0.1607638889 0.0113281250 0.0076388889
0 0.8179687500 0.3187500000 0.0335937500 0.0222222222
0 0.8560546875 0.3250000000 0.0238281250 0.0125000000
0 0.4173828125 0.3333333333 0.0363281250 0.0111111111
0 0.4521484375 0.3302083333 0.0089843750 0.0062500000
0 0.4785156250 0.3329861111 0.0265625000 0.0118055556
0 0.5093750000 0.3315972222 0.0164062500 0.0076388889
0 0.8412109375 0.3767361111 0.0238281250 0.0187500000
0 0.7074218750 0.3958333333 0.0078125000 0.0069444444
0 0.4123046875 0.4006944444 0.0191406250 0.0138888889
0 0.3789062500 0.4003472222 0.0109375000 0.0076388889
0 0.7792968750 0.4222222222 0.1304687500 0.0375000000
0 0.3468750000 0.4121527778 0.0265625000 0.0145833333
0 0.8556640625 0.4097222222 0.0121093750 0.0097222222
0 0.4472656250 0.4156250000 0.0101562500 0.0076388889
0 0.5007812500 0.4232638889 0.0445312500 0.0215277778
0 0.6058593750 0.4270833333 0.0195312500 0.0138888889
0 0.3708984375 0.4302083333 0.0222656250 0.0173611111
0 0.3980468750 0.4267361111 0.0148437500 0.0104166667
0 0.5427734375 0.4302083333 0.0542968750 0.0173611111
0 0.6873046875 0.4277777778 0.0285156250 0.0125000000
0 0.2279296875 0.4291666667 0.0082031250 0.0055555556
0 0.4179687500 0.4371527778 0.0406250000 0.0229166667
0 0.4619140625 0.4315972222 0.0113281250 0.0090277778
0 0.2457031250 0.4312500000 0.0101562500 0.0055555556
0 0.6400390625 0.4444444444 0.0324218750 0.0138888889
0 0.4714843750 0.4493055556 0.0726562500 0.0208333333
0 0.5525390625 0.4569444444 0.0300781250 0.0194444444
0 0.6039062500 0.4559027778 0.0250000000 0.0145833333
0 0.5294921875 0.4524305556 0.0074218750 0.0062500000
0 0.6347656250 0.4680555556 0.0367187500 0.0208333333
0 0.9158203125 0.4652777778 0.0082031250 0.0069444444
0 0.2937500000 0.4715277778 0.0085937500 0.0055555556
0 0.8500000000 0.4961805556 0.0109375000 0.0076388889
