0 0.5802734375 0.3100694444 0.0292968750 0.0131944444
0 0.5193359375 0.3100694444 0.0199218750 0.0090277778
0 0.5509765625 0.3086805556 0.0097656250 0.0048611111
0 0.6388671875 0.3125000000 0.0472656250 0.0125000000
0 0.7042968750 0.3093750000 0.0109375000 0.0048611111
0 0.2830078125 0.3243055556 0.0988281250 0.0319444444
0 0.4173828125 0.3156250000 0.0097656250 0.0062500000
0 0.9126953125 0.3295138889 0.0144531250 0.0104166667
0 0.4408203125 0.3743055556 0.0074218750 0.0055555556
0 0.4691406250 0.3784722222 0.0125000000 0.0111111111
0 0.7046875000 0.3861111111 0.0156250000 0.0083333333
0 0.7910156250 0.3996527778 0.0656250000 0.0368055556
0 0.5621093750 0.3864583333 0.0148437500 0.0076388889
0 0.4371093750 0.3996527778 0.0742187500 0.0243055556
0 0.6988281250 0.4045138889 0.0320312500 0.0270833333
0 0.8460937500 0.4027777778 0.0273437500 0.0166666667
0 0.2410156250 0.4017361111 0.0085937500 0.0076388889
0 0.6363281250 0.4069444444 0.0734375000 0.0180555556
0 0.3861328125 0.4052083333 0.0128906250 0.0076388889
0 0.5527343750 0.4097222222 0.0203125000 0.0125000000
0 0.4738281250 0.4187500000 0.0500000000 0.0263888889
0 0.5236328125 0.4184027778 0.0191406250 0.0118055556
0 0.7322265625 0.4197916667 0.0222656250 0.0090277778
0 0.9130859375 0.4267361111 0.0136718750 0.0090277778
0 0.5712890625 0.4305555556 0.0339843750 0.0125000000
0 0.8972656250 0.4402777778 0.0203125000 0.0111111111
0 0.8562500000 0.4743055556 0.0539062500 0.0208333333
