0 0.2255859375 0.1274305556 0.0230468750 0.0145833333
0 0.1226562500 0.1381944444 0.0125000000 0.0111111111
0 0.1244140625 0.1562500000 0.0105468750 0.0069444444
0 0.8537109375 0.3343750000 0.1324218750 0.0479166667
0 0.7587890625 0.3190972222 0.0386718750 0.0145833333
0 0.7203125000 0.3190972222 0.0210937500 0.0118055556
0 0.6093750000 0.3225694444 0.0156250000 0.0090277778
0 0.5492187500 0.3236111111 0.0109375000 0.0083333333
0 0.3386718750 0.3243055556 0.0101562500 0.0069444444
0 0.5847656250 0.3246527778 0.0140625000 0.0090277778
0 0.2740234375 0.3361111111 0.0980468750 0.0277777778
0 0.6544921875 0.3253472222 0.0089843750 0.0076388889
0 0.4164062500 0.3312500000 0.0929687500 0.0138888889
0 0.4871093750 0.3284722222 0.0070312500 0.0055555556
0 0.3441406250 0.3375000000 0.0179687500 0.0097222222
0 0.4343750000 0.3697916667 0.0507812500 0.0243055556
0 0.7070312500 0.3625000000 0.0132812500 0.0083333333
0 0.4761718750 0.3680555556 0.0398437500 0.0166666667
0 0.8564453125 0.3753472222 0.0511718750 0.0298611111
0 0.8169921875 0.3736111111 0.0355468750 0.0236111111
0 0.7289062500 0.3711805556 0.0210937500 0.0145833333
0 0.3222656250 0.3979166667 0.0867187500 0.0638888889
0 0.3623046875 0.3736111111 0.0347656250 0.0125000000
0 0.5751953125 0.3819444444 0.0324218750 0.0180555556
0 0.5287109375 0.3809027778 0.0097656250 0.0076388889
0 0.8031250000 0.3906250000 0.0171875000 0.0090277778
0 0.7531250000 0.4013888889 0.0570312500 0.0291666667
0 0.5443359375 0.3930555556 0.0113281250 0.0083333333
0 0.3701171875 0.3996527778 0.0207031250 0.0173611111
0 0.6519531250 0.4062500000 0.0445312500 0.0236111111
0 0.8373046875 0.4090277778 0.0363281250 0.0180555556
0 0.4970703125 0.4079861111 0.0246093750 0.0104166667
0 0.5353515625 0.4104166667 0.0160156250 0.0069444444
0 0.5988281250 0.4187500000 0.0476562500 0.0222222222
0 0.7820312500 0.4288194444 0.0632812500 0.0409722222
0 0.4699218750 0.4208333333 0.0226562500 0.0152777778
0 0.5412109375 0.4270833333 0.0417968750 0.0236111111
0 0.4507812500 0.4413194444 0.1000000000 0.0381944444
0 0.6640625000 0.4510416667 0.1195312500 0.0381944444
0 0.8783203125 0.4586805556 0.0386718750 0.0215277778
0 0.5291015625 0.4597222222 0.0386718750 0.0194444444
0 0.7679687500 0.4715277778 0.0226562500 0.0180555556
0 0.8927734375 0.4854166667 0.0542968750 0.0291666667
0 0.8673828125 0.4770833333 0.0144531250 0.0097222222
0 0.1472656250 0.4829861111 0.0085937500 0.0076388889
