0 0.9007812500 0.2982638889 0.0382812500 0.0270833333
0 0.8525390625 0.2954861111 0.0300781250 0.0159722222
0 0.4246093750 0.3107638889 0.0367187500 0.0159722222
0 0.2425781250 0.3274305556 0.0742187500 0.0187500000
0 0.8189453125 0.3965277778 0.1144531250 0.0472222222
0 0.3548828125 0.3937500000 0.0316406250 0.0152777778
0 0.4607421875 0.4006944444 0.0371093750 0.0194444444
0 0.5232421875 0.3965277778 0.0214843750 0.0111111111
0 0.7035156250 0.3993055556 0.0164062500 0.0111111111
0 0.4851562500 0.4107638889 0.0281250000 0.0173611111
0 0.5396484375 0.4135416667 0.0191406250 0.0118055556
0 0.8589843750 0.4472222222 0.0203125000 0.0125000000
0 0.2416015625 0.4593750000 0.0152343750 0.0104166667
0 0.2689453125 0.4583333333 0.0128906250 0.0097222222
0 0.8279296875 0.4739583333 0.0746093750 0.0243055556
0 0.8576171875 0.4857638889 0.0121093750 0.0076388889
