0 0.8892578125 0.3222222222 0.0386718750 0.0111111111
0 0.6445312500 0.3253472222 0.0726562500 0.0131944444
0 0.4876953125 0.3274305556 0.0511718750 0.0145833333
0 0.7267578125 0.3253472222 0.0191406250 0.0104166667
0 0.5646484375 0.3250000000 0.0144531250 0.0055555556
0 0.4287109375 0.3298611111 0.0136718750 0.0083333333
0 0.5900390625 0.3319444444 0.0113281250 0.0083333333
0 0.3017578125 0.3322916667 0.0160156250 0.0062500000
0 0.2687500000 0.3378472222 0.0359375000 0.0131944444
0 0.2402343750 0.3479166667 0.0101562500 0.0083333333
0 0.4496093750 0.3569444444 0.0304687500 0.0194444444
0 0.8128906250 0.3631944444 0.0773437500 0.0236111111
0 0.5152343750 0.3642361111 0.0210937500 0.0159722222
0 0.5533203125 0.3694444444 0.0152343750 0.0125000000
0 0.7144531250 0.3704861111 0.0140625000 0.0104166667
0 0.4884765625 0.3722222222 0.0167968750 0.0125000000
0 0.4228515625 0.4000000000 0.0675781250 0.0333333333
0 0.7917968750 0.4114583333 0.1375000000 0.0548611111
0 0.6193359375 0.4142361111 0.0917968750 0.0465277778
0 0.5267578125 0.4020833333 0.0152343750 0.0125000000
0 0.5050781250 0.4069444444 0.0093750000 0.0083333333
0 0.9103515625 0.4138888889 0.0191406250 0.0069444444
0 0.5265625000 0.4187500000 0.0085937500 0.0069444444
0 0.5474609375 0.4274305556 0.0269531250 0.0131944444
0 0.5921875000 0.4263888889 0.0195312500 0.0111111111
0 0.6896484375 0.4274305556 0.0144531250 0.0090277778
0 0.5042968750 0.4326388889 0.0117187500 0.0083333333
0 0.7427734375 0.4708333333 0.0105468750 0.0055555556
0 0.5923828125 0.4781250000 0.0222656250 0.0118055556
0 0.8894531250 0.4819444444 0.0242187500 0.0166666667
0 0.4505859375 0.4805555556 0.0113281250 0.0069444444
0 0.5480468750 0.4791666667 0.0164062500 0.0041666667
0 0.6080078125 0.4885416667 0.0175781250 0.0090277778
0 0.8802734375 0.4965277778 0.0222656250 0.0069444444
