0 0.1251953125 0.1243055556 0.0097656250 0.0083333333
0 0.8732421875 0.3041666667 0.0417968750 0.0152777778
0 0.5775390625 0.3079861111 0.0113281250 0.0090277778
0 0.4599609375 0.3118055556 0.0449218750 0.0111111111
0 0.4005859375 0.3739583333 0.1207031250 0.0951388889
0 0.8238281250 0.3388888889 0.0085937500 0.0041666667
0 0.7683593750 0.3461805556 0.0164062500 0.0145833333
0 0.4492187500 0.3586805556 0.0148437500 0.0090277778
0 0.4808593750 0.3690972222 0.0273437500 0.0201388889
0 0.8773437500 0.3756944444 0.0265625000 0.0111111111
0 0.8078125000 0.4069444444 0.1343750000 0.0430555556
0 0.7884765625 0.3947916667 0.0199218750 0.0159722222
0 0.4929687500 0.4034722222 0.0390625000 0.0305555556
0 0.5517578125 0.4079861111 0.0589843750 0.0187500000
0 0.6226562500 0.4065972222 0.0187500000 0.0159722222
0 0.6917968750 0.4149305556 0.0500000000 0.0340277778
0 0.2509765625 0.4104166667 0.0105468750 0.0055555556
0 0.2300781250 0.4190972222 0.0085937500 0.0062500000
0 0.6501953125 0.4236111111 0.0308593750 0.0152777778
0 0.5453125000 0.4336805556 0.0140625000 0.0104166667
0 0.8849609375 0.4635416667 0.0238281250 0.0159722222
0 0.8226562500 0.4687500000 0.0179687500 0.0125000000
0 0.2175781250 0.4833333333 0.0085937500 0.0041666667
0 0.8597656250 0.4916666667 0.0109375000 0.0083333333
0 0.8875000000 0.4968750000 0.0156250000 0.0062500000
