0 0.2664062500 0.2416666667 0.0125000000 0.0097222222
0 0.8281250000 0.2930555556 0.0164062500 0.0138888889
0 0.2701171875 0.3048611111 0.0144531250 0.0083333333
0 0.4150390625 0.3194444444 0.0550781250 0.0291666667
0 0.2541015625 0.3145833333 0.0136718750 0.0069444444
0 0.2492187500 0.3322916667 0.0320312500 0.0229166667
0 0.7841796875 0.3406250000 0.0160156250 0.0131944444
0 0.8578125000 0.3437500000 0.0125000000 0.0097222222
0 0.4917968750 0.3753472222 0.0156250000 0.0104166667
0 0.7542968750 0.3774305556 0.0187500000 0.0131944444
0 0.8039062500 0.3875000000 0.0617187500 0.0333333333
0 0.8613281250 0.3878472222 0.0250000000 0.0215277778
0 0.6701171875 0.3913194444 0.0199218750 0.0145833333
0 0.5597656250 0.4017361111 0.0281250000 0.0159722222
0 0.2380859375 0.4069444444 0.0136718750 0.0097222222
0 0.5189453125 0.4170138889 0.0269531250 0.0201388889
0 0.8367187500 0.4329861111 0.0226562500 0.0173611111
0 0.8289062500 0.4552083333 0.0445312500 0.0215277778
0 0.8818359375 0.4635416667 0.0238281250 0.0131944444
0 0.5210937500 0.4684027778 0.0117187500 0.0062500000
0 0.8574218750 0.4718750000 0.0414062500 0.0131944444
0 0.8916015625 0.4864583333 0.0308593750 0.0270833333
0 0.5251953125 0.4788194444 0.0097656250 0.0076388889
0 0.8652343750 0.4833333333 0.0125000000 0.0111111111
0 0.2667968750 0.4857638889 0.0078125000 0.0062500000
0 0.8501953125 0.4875000000 0.0082031250 0.0055555556
0 0.8251953125 0.4899305556 0.0136718750 0.0090277778
