0 0.2318359375 0.1236111111 0.0113281250 0.0069444444
0 0.1810546875 0.2361111111 0.0105468750 0.0041666667
0 0.8468750000 0.2753472222 0.0085937500 0.0076388889
0 0.4761718750 0.2965277778 0.1953125000 0.0305555556
0 0.2798828125 0.2954861111 0.0644531250 0.0215277778
0 0.2437500000 0.3083333333 0.0101562500 0.0069444444
0 0.4500000000 0.3670138889 0.0273437500 0.0229166667
0 0.8109375000 0.3614583333 0.0140625000 0.0076388889
0 0.7839843750 0.3701388889 0.0273437500 0.0222222222
0 0.4923828125 0.3843750000 0.0496093750 0.0256944444
0 0.8314453125 0.3819444444 0.0308593750 0.0208333333
0 0.4246093750 0.3788194444 0.0226562500 0.0104166667
0 0.6982421875 0.3788194444 0.0105468750 0.0062500000
0 0.6673828125 0.3881944444 0.0339843750 0.0194444444
0 0.7033203125 0.3930555556 0.0191406250 0.0166666667
0 0.6083984375 0.3920138889 0.0167968750 0.0131944444
0 0.8699218750 0.4062500000 0.0085937500 0.0055555556
0 0.8662109375 0.4190972222 0.0199218750 0.0131944444
0 0.8556640625 0.4263888889 0.0097656250 0.0083333333
0 0.8566406250 0.4454861111 0.0132812500 0.0062500000
0 0.8894531250 0.4770833333 0.0210937500 0.0111111111
0 0.7351562500 0.4784722222 0.0109375000 0.0055555556
0 0.9164062500 0.4923611111 0.0070312500 0.0055555556
