0 0.0861328125 0.1586805556 0.0121093750 0.0090277778
0 0.3597656250 0.2836805556 0.0195312500 0.0090277778
0 0.8529296875 0.3170138889 0.0621093750 0.0187500000
0 0.2878906250 0.3336805556 0.1000000000 0.0270833333
0 0.5822265625 0.3281250000 0.0105468750 0.0076388889
0 0.4269531250 0.3343750000 0.0429687500 0.0173611111
0 0.3833984375 0.3378472222 0.0128906250 0.0076388889
0 0.2337890625 0.3510416667 0.0175781250 0.0118055556
0 0.8556640625 0.3670138889 0.0488281250 0.0381944444
0 0.7681640625 0.3670138889 0.0449218750 0.0201388889
0 0.4078125000 0.3940972222 0.0375000000 0.0256944444
0 0.7146484375 0.4118055556 0.1332031250 0.0597222222
0 0.4992187500 0.4000000000 0.0421875000 0.0180555556
0 0.2468750000 0.3982638889 0.0125000000 0.0104166667
0 0.5615234375 0.4003472222 0.0152343750 0.0131944444
0 0.4542968750 0.4222222222 0.0546875000 0.0277777778
0 0.5445312500 0.4180555556 0.0296875000 0.0152777778
0 0.6080078125 0.4229166667 0.0285156250 0.0222222222
0 0.3773437500 0.4239583333 0.0203125000 0.0173611111
0 0.8050781250 0.4236111111 0.0195312500 0.0138888889
0 0.6671875000 0.4381944444 0.0156250000 0.0125000000
0 0.4650390625 0.4371527778 0.0144531250 0.0090277778
0 0.5429687500 0.4559027778 0.0515625000 0.0256944444
0 0.4873046875 0.4600694444 0.0511718750 0.0187500000
0 0.4222656250 0.4690972222 0.0773437500 0.0173611111
0 0.8718750000 0.4684027778 0.0109375000 0.0048611111
0 0.5443359375 0.4743055556 0.0800781250 0.0138888889
0 0.4738281250 0.4760416667 0.0140625000 0.0090277778
0 0.8677734375 0.4809027778 0.0230468750 0.0062500000
0 0.8386718750 0.4840277778 0.0132812500 0.0097222222
0 0.2322265625 0.4871527778 0.0144531250 0.0090277778
0 0.7746093750 0.4850694444 0.0125000000 0.0048611111
0 0.1449218750 0.4868055556 0.0062500000 0.0055555556
0 0.8628906250 0.4927083333 0.0171875000 0.0104166667
