0 0.8851562500 0.2753472222 0.0164062500 0.0118055556
0 0.4191406250 0.2913194444 0.0750000000 0.0229166667
0 0.3558593750 0.2958333333 0.0210937500 0.0125000000
0 0.3619140625 0.3079861111 0.0160156250 0.0131944444
0 0.5470703125 0.3309027778 0.0253906250 0.0159722222
0 0.5134765625 0.3381944444 0.0316406250 0.0152777778
0 0.5804687500 0.3489583333 0.0101562500 0.0076388889
0 0.7224609375 0.3729166667 0.0589843750 0.0347222222
0 0.2638671875 0.3659722222 0.0097656250 0.0069444444
0 0.4537109375 0.3701388889 0.0144531250 0.0111111111
0 0.8753906250 0.3743055556 0.0093750000 0.0069444444
0 0.5400390625 0.3843750000 0.0285156250 0.0131944444
0 0.6562500000 0.3836805556 0.0164062500 0.0104166667
0 0.6916015625 0.3927083333 0.0292968750 0.0215277778
0 0.6216796875 0.3958333333 0.0152343750 0.0125000000
0 0.2347656250 0.4013888889 0.0117187500 0.0069444444
0 0.8511718750 0.4170138889 0.0218750000 0.0076388889
0 0.2638671875 0.4312500000 0.0121093750 0.0083333333
0 0.2367187500 0.4340277778 0.0125000000 0.0069444444
0 0.8779296875 0.4423611111 0.0246093750 0.0208333333
0 0.8000000000 0.4437500000 0.0109375000 0.0055555556
0 0.8546875000 0.4586805556 0.0117187500 0.0062500000
0 0.2841796875 0.4795138889 0.0089843750 0.0076388889
0 0.8650390625 0.4902777778 0.0285156250 0.0194444444
