0 0.6564453125 0.3315972222 0.0207031250 0.0145833333
0 0.8605468750 0.3336805556 0.0195312500 0.0104166667
0 0.3087890625 0.3364583333 0.0214843750 0.0118055556
0 0.4013671875 0.3413194444 0.0480468750 0.0187500000
0 0.2794921875 0.3437500000 0.0136718750 0.0083333333
0 0.2472656250 0.3559027778 0.0296875000 0.0229166667
0 0.4916015625 0.3708333333 0.0238281250 0.0194444444
0 0.5453125000 0.3715277778 0.0476562500 0.0208333333
0 0.3679687500 0.3763888889 0.0304687500 0.0194444444
0 0.4923828125 0.4204861111 0.2308593750 0.0715277778
0 0.6880859375 0.4211805556 0.1738281250 0.0506944444
0 0.3921875000 0.4048611111 0.0109375000 0.0083333333
0 0.7939453125 0.4072916667 0.0105468750 0.0076388889
0 0.6996093750 0.4104166667 0.0070312500 0.0055555556
0 0.8492187500 0.4187500000 0.0242187500 0.0152777778
0 0.8048828125 0.4364583333 0.0152343750 0.0131944444
0 0.5908203125 0.4493055556 0.0214843750 0.0166666667
0 0.6669921875 0.4517361111 0.0167968750 0.0118055556
0 0.4750000000 0.4836805556 0.0093750000 0.0076388889
0 0.3992187500 0.4861111111 0.0125000000 0.0069444444
0 0.4158203125 0.4944444444 0.0121093750 0.0055555556
