0 0.2277343750 0.1472222222 0.0210937500 0.0180555556
0 0.2972656250 0.1482638889 0.0242187500 0.0187500000
0 0.3361328125 0.1461805556 0.0339843750 0.0131944444
0 0.4947265625 0.1447916667 0.0207031250 0.0090277778
0 0.4523437500 0.1461805556 0.0242187500 0.0090277778
0 0.3822265625 0.1479166667 0.0128906250 0.0111111111
0 0.8544921875 0.3284722222 0.0300781250 0.0208333333
0 0.8224609375 0.3347222222 0.0167968750 0.0138888889
0 0.5388671875 0.3454861111 0.0214843750 0.0173611111
0 0.4662109375 0.3454861111 0.0949218750 0.0145833333
0 0.3593750000 0.3517361111 0.0164062500 0.0104166667
0 0.2521484375 0.3538194444 0.0136718750 0.0062500000
0 0.8376953125 0.3857638889 0.0183593750 0.0145833333
0 0.4986328125 0.4187500000 0.0207031250 0.0138888889
0 0.8033203125 0.4288194444 0.0714843750 0.0340277778
0 0.7121093750 0.4239583333 0.0070312500 0.0062500000
0 0.6369140625 0.4284722222 0.0261718750 0.0138888889
0 0.4566406250 0.4267361111 0.0156250000 0.0076388889
0 0.4044921875 0.4333333333 0.0300781250 0.0166666667
0 0.4291015625 0.4295138889 0.0121093750 0.0104166667
0 0.7250000000 0.4347222222 0.0250000000 0.0180555556
0 0.3765625000 0.4416666667 0.0250000000 0.0194444444
0 0.5320312500 0.4538194444 0.1460937500 0.0451388889
0 0.6966796875 0.4340277778 0.0089843750 0.0055555556
0 0.7001953125 0.4541666667 0.0691406250 0.0277777778
0 0.4332031250 0.4444444444 0.0109375000 0.0069444444
0 0.6332031250 0.4562500000 0.0437500000 0.0277777778
0 0.7648437500 0.4614583333 0.0328125000 0.0215277778
0 0.4562500000 0.4649305556 0.0171875000 0.0090277778
