0 0.4179687500 0.1965277778 0.0187500000 0.0138888889
0 0.6099609375 0.3684027778 0.0152343750 0.0076388889
0 0.4800781250 0.3722222222 0.0296875000 0.0097222222
0 0.4210937500 0.3736111111 0.0335937500 0.0097222222
0 0.1960937500 0.3850694444 0.0257812500 0.0145833333
0 0.2322265625 0.3840277778 0.0144531250 0.0069444444
0 0.8417968750 0.4156250000 0.0257812500 0.0229166667
0 0.7820312500 0.4163194444 0.0156250000 0.0104166667
0 0.7085937500 0.4378472222 0.0085937500 0.0076388889
0 0.5367187500 0.4427083333 0.0132812500 0.0062500000
0 0.4451171875 0.4517361111 0.0332031250 0.0187500000
0 0.6447265625 0.4493055556 0.0128906250 0.0083333333
0 0.5316406250 0.4635416667 0.1031250000 0.0340277778
0 0.7414062500 0.4663194444 0.0507812500 0.0381944444
0 0.7863281250 0.4586805556 0.0210937500 0.0159722222
0 0.3718750000 0.4677083333 0.0585937500 0.0284722222
0 0.6863281250 0.4743055556 0.0539062500 0.0375000000
0 0.8708984375 0.4607638889 0.0113281250 0.0090277778
0 0.6279296875 0.4750000000 0.0613281250 0.0319444444
0 0.4181640625 0.4715277778 0.0277343750 0.0222222222
0 0.4634765625 0.4690972222 0.0230468750 0.0145833333
0 0.8609375000 0.4704861111 0.0132812500 0.0104166667
0 0.2482421875 0.4715277778 0.0105468750 0.0083333333
0 0.7822265625 0.4791666667 0.0152343750 0.0125000000
0 0.4421875000 0.4885416667 0.0125000000 0.0062500000
