0 0.8339843750 0.3114583333 0.0382812500 0.0131944444
0 0.8812500000 0.3142361111 0.0195312500 0.0145833333
0 0.6126953125 0.3145833333 0.0253906250 0.0138888889
0 0.7875000000 0.3121527778 0.0109375000 0.0062500000
0 0.5466796875 0.3201388889 0.0339843750 0.0083333333
0 0.2861328125 0.3260416667 0.0503906250 0.0173611111
0 0.4470703125 0.3253472222 0.0347656250 0.0118055556
0 0.2439453125 0.3430555556 0.0199218750 0.0125000000
0 0.5037109375 0.3611111111 0.0722656250 0.0291666667
0 0.4458984375 0.3649305556 0.0394531250 0.0256944444
0 0.7798828125 0.3666666667 0.0238281250 0.0180555556
0 0.4728515625 0.3868055556 0.0207031250 0.0152777778
0 0.4095703125 0.3895833333 0.0191406250 0.0125000000
0 0.6234375000 0.3927083333 0.0093750000 0.0076388889
0 0.7357421875 0.3993055556 0.0644531250 0.0208333333
0 0.7732421875 0.4138888889 0.0660156250 0.0402777778
0 0.8722656250 0.4079861111 0.0273437500 0.0145833333
0 0.8253906250 0.4104166667 0.0226562500 0.0166666667
0 0.2494140625 0.4118055556 0.0167968750 0.0097222222
0 0.3705078125 0.4218750000 0.0449218750 0.0256944444
0 0.5349609375 0.4145833333 0.0230468750 0.0055555556
0 0.4777343750 0.4291666667 0.1257812500 0.0319444444
0 0.4095703125 0.4215277778 0.0160156250 0.0138888889
0 0.5843750000 0.4232638889 0.0210937500 0.0118055556
0 0.6619140625 0.4260416667 0.0582031250 0.0159722222
0 0.7267578125 0.4312500000 0.0128906250 0.0097222222
0 0.6021484375 0.4378472222 0.0183593750 0.0076388889
0 0.5757812500 0.4458333333 0.0242187500 0.0180555556
0 0.9033203125 0.4631944444 0.0332031250 0.0152777778
0 0.3220703125 0.4732638889 0.0128906250 0.0104166667
0 0.8894531250 0.4760416667 0.0132812500 0.0062500000
0 0.5300781250 0.4781250000 0.0164062500 0.0062500000
0 0.4296875000 0.4812500000 0.0140625000 0.0069444444
0 0.2863281250 0.4954861111 0.0109375000 0.0048611111
