0 0.8714843750 0.3687500000 0.0726562500 0.0305555556
0 0.7960937500 0.3618055556 0.0109375000 0.0083333333
0 0.6628906250 0.3736111111 0.0343750000 0.0263888889
0 0.6205078125 0.3656250000 0.0074218750 0.0062500000
0 0.5302734375 0.3694444444 0.0269531250 0.0111111111
0 0.5843750000 0.3701388889 0.0664062500 0.0111111111
0 0.4476562500 0.3753472222 0.0406250000 0.0159722222
0 0.2617187500 0.3809027778 0.0781250000 0.0243055556
0 0.3664062500 0.3774305556 0.0117187500 0.0076388889
0 0.4119140625 0.3781250000 0.0089843750 0.0076388889
0 0.5892578125 0.4090277778 0.0339843750 0.0263888889
0 0.8417968750 0.4090277778 0.0187500000 0.0152777778
0 0.8125000000 0.4097222222 0.0218750000 0.0152777778
0 0.4365234375 0.4159722222 0.0199218750 0.0125000000
0 0.3515625000 0.4225694444 0.0218750000 0.0187500000
0 0.7714843750 0.4381944444 0.0429687500 0.0291666667
0 0.7005859375 0.4416666667 0.0253906250 0.0194444444
0 0.8480468750 0.4517361111 0.1023437500 0.0354166667
0 0.4648437500 0.4420138889 0.0109375000 0.0090277778
0 0.7472656250 0.4510416667 0.0390625000 0.0159722222
0 0.3814453125 0.4618055556 0.1136718750 0.0291666667
0 0.5375000000 0.4652777778 0.1437500000 0.0375000000
0 0.3976562500 0.4524305556 0.0296875000 0.0090277778
0 0.7419921875 0.4704861111 0.0488281250 0.0270833333
0 0.7880859375 0.4715277778 0.0394531250 0.0305555556
0 0.2320312500 0.4621527778 0.0101562500 0.0048611111
0 0.6923828125 0.4760416667 0.0496093750 0.0215277778
0 0.6318359375 0.4795138889 0.0535156250 0.0256944444
0 0.4443359375 0.4836805556 0.0347656250 0.0145833333
0 0.4060546875 0.4875000000 0.0207031250 0.0083333333
0 0.7087890625 0.4951388889 0.0472656250 0.0097222222
