0 0.8464843750 0.2812500000 0.0476562500 0.0180555556
0 0.4589843750 0.2972222222 0.0296875000 0.0083333333
0 0.3978515625 0.3000000000 0.0191406250 0.0125000000
0 0.4927734375 0.2982638889 0.0175781250 0.0076388889
0 0.5357421875 0.2961805556 0.0066406250 0.0048611111
0 0.4234375000 0.3020833333 0.0164062500 0.0055555556
0 0.2580078125 0.3072916667 0.0253906250 0.0131944444
0 0.8220703125 0.3902777778 0.1339843750 0.0388888889
0 0.7458984375 0.3840277778 0.0097656250 0.0069444444
0 0.4466796875 0.3961805556 0.0347656250 0.0256944444
0 0.5554687500 0.3920138889 0.0460937500 0.0173611111
0 0.6583984375 0.3899305556 0.0136718750 0.0090277778
0 0.6876953125 0.4052083333 0.0480468750 0.0284722222
0 0.4902343750 0.4052083333 0.0585937500 0.0256944444
0 0.2271484375 0.4000000000 0.0113281250 0.0097222222
0 0.7267578125 0.4006944444 0.0105468750 0.0083333333
0 0.5304687500 0.4083333333 0.0195312500 0.0152777778
0 0.6406250000 0.4118055556 0.0164062500 0.0111111111
0 0.8595703125 0.4312500000 0.0222656250 0.0097222222
0 0.8521484375 0.4593750000 0.0121093750 0.0062500000
0 0.5326171875 0.4729166667 0.0222656250 0.0069444444
0 0.8310546875 0.4895833333 0.0175781250 0.0069444444
