0 0.4955078125 0.3118055556 0.0222656250 0.0083333333
0 0.4341796875 0.3149305556 0.0339843750 0.0118055556
0 0.5480468750 0.3635416667 0.0187500000 0.0104166667
0 0.4832031250 0.3663194444 0.0070312500 0.0062500000
0 0.5802734375 0.3788194444 0.0105468750 0.0076388889
0 0.7103515625 0.4104166667 0.0816406250 0.0458333333
0 0.4578125000 0.4003472222 0.0210937500 0.0118055556
0 0.4992187500 0.4128472222 0.0289062500 0.0201388889
0 0.5406250000 0.4131944444 0.0320312500 0.0138888889
0 0.6568359375 0.4142361111 0.0214843750 0.0159722222
0 0.6138671875 0.4232638889 0.0480468750 0.0201388889
0 0.2359375000 0.4315972222 0.0109375000 0.0048611111
0 0.9152343750 0.4364583333 0.0093750000 0.0062500000
0 0.8519531250 0.4482638889 0.0257812500 0.0145833333
0 0.3167968750 0.4545138889 0.0179687500 0.0104166667
0 0.8904296875 0.4552083333 0.0105468750 0.0090277778
0 0.2638671875 0.4607638889 0.0136718750 0.0090277778
0 0.2384765625 0.4631944444 0.0128906250 0.0069444444
0 0.8085937500 0.4711805556 0.0164062500 0.0118055556
0 0.8408203125 0.4791666667 0.0285156250 0.0194444444
0 0.7724609375 0.4777777778 0.0160156250 0.0083333333
