0 0.8455078125 0.2638888889 0.0449218750 0.0180555556
0 0.3970703125 0.2826388889 0.0191406250 0.0125000000
0 0.4234375000 0.2840277778 0.0132812500 0.0055555556
0 0.4039062500 0.3246527778 0.0148437500 0.0131944444
0 0.3375000000 0.3572916667 0.0132812500 0.0090277778
0 0.8021484375 0.3729166667 0.1222656250 0.0388888889
0 0.5558593750 0.3750000000 0.0460937500 0.0138888889
0 0.6910156250 0.3815972222 0.0414062500 0.0159722222
0 0.4888671875 0.3843750000 0.0316406250 0.0173611111
0 0.2261718750 0.3822916667 0.0109375000 0.0090277778
0 0.6115234375 0.3822916667 0.0105468750 0.0048611111
0 0.8597656250 0.4135416667 0.0218750000 0.0090277778
0 0.2726562500 0.4166666667 0.0117187500 0.0083333333
0 0.8888671875 0.4413194444 0.0113281250 0.0090277778
0 0.8318359375 0.4750000000 0.0175781250 0.0152777778
0 0.8667968750 0.4788194444 0.0359375000 0.0173611111
