0 0.8712890625 0.3173611111 0.0488281250 0.0236111111
0 0.4453125000 0.3263888889 0.0296875000 0.0194444444
0 0.3964843750 0.3267361111 0.0273437500 0.0131944444
0 0.2435546875 0.3361111111 0.0339843750 0.0194444444
0 0.6517578125 0.3482638889 0.0246093750 0.0145833333
0 0.5017578125 0.3503472222 0.0183593750 0.0145833333
0 0.4068359375 0.3656250000 0.0746093750 0.0298611111
0 0.7179687500 0.3597222222 0.0125000000 0.0069444444
0 0.7140625000 0.3993055556 0.1046875000 0.0611111111
0 0.8376953125 0.4090277778 0.1222656250 0.0583333333
0 0.3404296875 0.3875000000 0.0097656250 0.0083333333
0 0.5673828125 0.3916666667 0.0183593750 0.0125000000
0 0.3396484375 0.4027777778 0.0160156250 0.0111111111
0 0.6330078125 0.4149305556 0.0667968750 0.0368055556
0 0.4310546875 0.4097222222 0.0285156250 0.0236111111
0 0.4730468750 0.4069444444 0.0351562500 0.0180555556
0 0.3833984375 0.4173611111 0.0355468750 0.0277777778
0 0.3501953125 0.4250000000 0.0160156250 0.0138888889
0 0.5273437500 0.4458333333 0.0898437500 0.0527777778
0 0.6744140625 0.4479166667 0.1253906250 0.0319444444
0 0.4001953125 0.4378472222 0.0214843750 0.0076388889
0 0.5812500000 0.4520833333 0.0148437500 0.0097222222
0 0.8523437500 0.4743055556 0.0164062500 0.0069444444
0 0.8662109375 0.4809027778 0.0136718750 0.0118055556
0 0.9130859375 0.4819444444 0.0136718750 0.0069444444
