0 0.8755859375 0.2666666667 0.0644531250 0.0180555556
0 0.8261718750 0.3520833333 0.1875000000 0.1569444444
0 0.4396484375 0.2788194444 0.0238281250 0.0076388889
0 0.3927734375 0.2802083333 0.0199218750 0.0076388889
0 0.2642578125 0.2829861111 0.0191406250 0.0118055556
0 0.8150390625 0.3468750000 0.0089843750 0.0062500000
0 0.7423828125 0.3618055556 0.0136718750 0.0111111111
0 0.3812500000 0.3638888889 0.0125000000 0.0111111111
0 0.5291015625 0.3684027778 0.0230468750 0.0118055556
0 0.4855468750 0.3854166667 0.0148437500 0.0125000000
0 0.2437500000 0.3913194444 0.0265625000 0.0229166667
0 0.4087890625 0.3961805556 0.0738281250 0.0284722222
0 0.5484375000 0.3895833333 0.0226562500 0.0152777778
0 0.5171875000 0.3902777778 0.0156250000 0.0097222222
0 0.6974609375 0.3993055556 0.0253906250 0.0194444444
0 0.6533203125 0.4055555556 0.0402343750 0.0291666667
0 0.5810546875 0.4020833333 0.0347656250 0.0194444444
0 0.5228515625 0.3989583333 0.0097656250 0.0076388889
0 0.4693359375 0.4225694444 0.0449218750 0.0395833333
0 0.8398437500 0.4489583333 0.0179687500 0.0159722222
0 0.8640625000 0.4579861111 0.0117187500 0.0076388889
0 0.5886718750 0.4697916667 0.0140625000 0.0076388889
0 0.2751953125 0.4729166667 0.0113281250 0.0097222222
0 0.4908203125 0.4753472222 0.0160156250 0.0090277778
0 0.5343750000 0.4756944444 0.0304687500 0.0097222222
0 0.4121093750 0.4802083333 0.0148437500 0.0048611111
0 0.8750000000 0.4892361111 0.0273437500 0.0215277778
