0 0.3009765625 0.1479166667 0.0105468750 0.0069444444
0 0.3441406250 0.1500000000 0.0203125000 0.0111111111
0 0.3832031250 0.1513888889 0.0328125000 0.0138888889
0 0.4648437500 0.1486111111 0.0187500000 0.0097222222
0 0.2197265625 0.1520833333 0.0183593750 0.0097222222
0 0.2796875000 0.3600694444 0.1015625000 0.0354166667
0 0.4437500000 0.3500000000 0.0257812500 0.0111111111
0 0.4808593750 0.3489583333 0.0304687500 0.0104166667
0 0.4041015625 0.3555555556 0.0121093750 0.0097222222
0 0.7570312500 0.4253472222 0.0203125000 0.0104166667
0 0.5566406250 0.4322916667 0.0085937500 0.0076388889
0 0.7810546875 0.4468750000 0.0691406250 0.0354166667
0 0.4158203125 0.4517361111 0.0253906250 0.0173611111
0 0.5281250000 0.4447916667 0.0078125000 0.0048611111
0 0.6140625000 0.4569444444 0.0281250000 0.0194444444
0 0.5634765625 0.4569444444 0.0582031250 0.0180555556
0 0.8433593750 0.4798611111 0.0203125000 0.0138888889
