0 0.7726562500 0.2659722222 0.0109375000 0.0055555556
0 0.8812500000 0.2819444444 0.0773437500 0.0222222222
0 0.5498046875 0.2850694444 0.0402343750 0.0118055556
0 0.6041015625 0.2833333333 0.0113281250 0.0097222222
0 0.3115234375 0.2847222222 0.0160156250 0.0097222222
0 0.4888671875 0.2847222222 0.0542968750 0.0097222222
0 0.2544921875 0.2892361111 0.0246093750 0.0159722222
0 0.4019531250 0.2899305556 0.0312500000 0.0131944444
0 0.2822265625 0.2895833333 0.0113281250 0.0083333333
0 0.7533203125 0.2885416667 0.0082031250 0.0062500000
0 0.2333984375 0.3010416667 0.0128906250 0.0104166667
0 0.4191406250 0.3277777778 0.0609375000 0.0347222222
0 0.8033203125 0.3371527778 0.0808593750 0.0409722222
0 0.3812500000 0.3420138889 0.0289062500 0.0215277778
0 0.8517578125 0.3725694444 0.0761718750 0.0354166667
0 0.3882812500 0.3791666667 0.0414062500 0.0319444444
0 0.4511718750 0.3673611111 0.0085937500 0.0069444444
0 0.7408203125 0.3809027778 0.0433593750 0.0243055556
0 0.6447265625 0.3739583333 0.0089843750 0.0076388889
0 0.6970703125 0.3784722222 0.0222656250 0.0152777778
0 0.4242187500 0.3833333333 0.0414062500 0.0208333333
0 0.6126953125 0.3954861111 0.0480468750 0.0298611111
0 0.5792968750 0.3888888889 0.0125000000 0.0111111111
0 0.1582031250 0.3899305556 0.0093750000 0.0076388889
0 0.4736328125 0.3958333333 0.0160156250 0.0138888889
0 0.5365234375 0.4006944444 0.0269531250 0.0208333333
0 0.8761718750 0.4236111111 0.0164062500 0.0083333333
0 0.5832031250 0.4666666667 0.0093750000 0.0055555556
0 0.7667968750 0.4680555556 0.0085937500 0.0041666667
0 0.5255859375 0.4791666667 0.0136718750 0.0111111111
0 0.8687500000 0.4958333333 0.0179687500 0.0083333333
