0 0.2326171875 0.1274305556 0.0253906250 0.0145833333
0 0.2757812500 0.1218750000 0.0164062500 0.0034722222
0 0.8539062500 0.2131944444 0.0445312500 0.0138888889
0 0.4218750000 0.2979166667 0.0125000000 0.0111111111
0 0.8134765625 0.3194444444 0.1308593750 0.0458333333
0 0.3621093750 0.3239583333 0.0226562500 0.0173611111
0 0.4470703125 0.3284722222 0.0253906250 0.0222222222
0 0.5625000000 0.3253472222 0.0421875000 0.0159722222
0 0.7005859375 0.3315972222 0.0378906250 0.0173611111
0 0.4873046875 0.3368055556 0.0394531250 0.0194444444
0 0.8689453125 0.3607638889 0.0222656250 0.0104166667
0 0.8417968750 0.4222222222 0.0140625000 0.0083333333
