0 0.8458984375 0.2586805556 0.0566406250 0.0215277778
0 0.8960937500 0.2628472222 0.0109375000 0.0090277778
0 0.2750000000 0.2736111111 0.0335937500 0.0152777778
0 0.2464843750 0.2805555556 0.0187500000 0.0083333333
0 0.2441406250 0.2965277778 0.0320312500 0.0250000000
0 0.8062500000 0.3302083333 0.0093750000 0.0076388889
0 0.1015625000 0.3684027778 0.0070312500 0.0062500000
0 0.8859375000 0.4312500000 0.0125000000 0.0083333333
0 0.8554687500 0.4420138889 0.0406250000 0.0243055556
0 0.8462890625 0.4555555556 0.0128906250 0.0111111111
0 0.7550781250 0.4593750000 0.0132812500 0.0104166667
0 0.4416015625 0.4690972222 0.0449218750 0.0229166667
0 0.5406250000 0.4690972222 0.0562500000 0.0131944444
0 0.6458984375 0.4697916667 0.0230468750 0.0145833333
0 0.5994140625 0.4708333333 0.0363281250 0.0125000000
0 0.8703125000 0.4868055556 0.0476562500 0.0263888889
0 0.9097656250 0.4833333333 0.0203125000 0.0180555556
