0 0.3347656250 0.1465277778 0.0109375000 0.0069444444
0 0.8980468750 0.3451388889 0.0296875000 0.0111111111
0 0.4597656250 0.3524305556 0.0226562500 0.0145833333
0 0.4894531250 0.3506944444 0.0132812500 0.0111111111
0 0.5837890625 0.3479166667 0.0128906250 0.0055555556
0 0.2835937500 0.3597222222 0.0992187500 0.0250000000
0 0.5232421875 0.3496527778 0.0074218750 0.0062500000
0 0.4169921875 0.3590277778 0.0175781250 0.0138888889
0 0.4070312500 0.4010416667 0.0070312500 0.0062500000
0 0.8156250000 0.4388888889 0.0921875000 0.0402777778
0 0.6759765625 0.4329861111 0.0371093750 0.0187500000
0 0.4080078125 0.4388888889 0.0550781250 0.0236111111
0 0.5658203125 0.4468750000 0.0863281250 0.0368055556
0 0.7298828125 0.4454861111 0.0527343750 0.0256944444
0 0.4917968750 0.4510416667 0.0484375000 0.0215277778
0 0.6796875000 0.4486111111 0.0242187500 0.0180555556
0 0.6482421875 0.4586805556 0.0285156250 0.0159722222
0 0.4476562500 0.4625000000 0.0328125000 0.0166666667
0 0.8976562500 0.4847222222 0.0445312500 0.0305555556
0 0.4890625000 0.4756944444 0.0093750000 0.0055555556
