0 0.7341796875 0.1927083333 0.0113281250 0.0076388889
0 0.5269531250 0.2000000000 0.1835937500 0.0194444444
0 0.6531250000 0.1954861111 0.0156250000 0.0118055556
0 0.7064453125 0.1944444444 0.0214843750 0.0069444444
0 0.2716796875 0.2069444444 0.1121093750 0.0291666667
0 0.3816406250 0.2041666667 0.0898437500 0.0236111111
0 0.8736328125 0.3687500000 0.0105468750 0.0041666667
0 0.4621093750 0.3854166667 0.0726562500 0.0236111111
0 0.4128906250 0.3847222222 0.0101562500 0.0069444444
0 0.3474609375 0.3982638889 0.0105468750 0.0048611111
0 0.4080078125 0.4055555556 0.0371093750 0.0194444444
0 0.2460937500 0.4034722222 0.0171875000 0.0125000000
0 0.1992187500 0.4184027778 0.0132812500 0.0076388889
0 0.6656250000 0.4364583333 0.0257812500 0.0187500000
0 0.6955078125 0.4649305556 0.0941406250 0.0381944444
0 0.6808593750 0.4555555556 0.0187500000 0.0166666667
0 0.2382812500 0.4743055556 0.0140625000 0.0125000000
0 0.2955078125 0.4743055556 0.0167968750 0.0083333333
0 0.2113281250 0.4739583333 0.0117187500 0.0034722222
