0 0.8654296875 0.3114583333 0.1089843750 0.0215277778
0 0.3343750000 0.3145833333 0.0148437500 0.0069444444
0 0.2634765625 0.3329861111 0.1097656250 0.0381944444
0 0.3750000000 0.3225694444 0.0203125000 0.0131944444
0 0.8958984375 0.3611111111 0.0480468750 0.0361111111
0 0.8542968750 0.3534722222 0.0203125000 0.0111111111
0 0.3736328125 0.3760416667 0.0699218750 0.0437500000
0 0.8396484375 0.4017361111 0.0957031250 0.0576388889
0 0.7339843750 0.3809027778 0.0140625000 0.0104166667
0 0.4593750000 0.3885416667 0.0312500000 0.0118055556
0 0.7640625000 0.3989583333 0.0382812500 0.0270833333
0 0.5382812500 0.4111111111 0.0890625000 0.0458333333
0 0.7140625000 0.3920138889 0.0117187500 0.0076388889
0 0.6343750000 0.4000000000 0.0234375000 0.0166666667
0 0.3187500000 0.4045138889 0.0429687500 0.0229166667
0 0.3740234375 0.4131944444 0.0472656250 0.0319444444
0 0.8986328125 0.4100694444 0.0277343750 0.0201388889
0 0.8125000000 0.4173611111 0.0390625000 0.0291666667
0 0.7050781250 0.4333333333 0.0765625000 0.0486111111
0 0.2259765625 0.4218750000 0.0167968750 0.0090277778
0 0.5054687500 0.4440972222 0.2304687500 0.0493055556
0 0.7470703125 0.4232638889 0.0074218750 0.0062500000
0 0.9132812500 0.4277777778 0.0132812500 0.0083333333
0 0.6396484375 0.4444444444 0.0207031250 0.0125000000
0 0.3341796875 0.4809027778 0.0136718750 0.0090277778
0 0.5689453125 0.4809027778 0.0113281250 0.0076388889
0 0.8929687500 0.4947916667 0.0539062500 0.0104166667
