0 0.2234375000 0.1263888889 0.0109375000 0.0055555556
0 0.8355468750 0.2625000000 0.0664062500 0.0263888889
0 0.4056640625 0.2767361111 0.0136718750 0.0076388889
0 0.2281250000 0.2833333333 0.0195312500 0.0152777778
0 0.8439453125 0.3194444444 0.0238281250 0.0166666667
0 0.4109375000 0.3440972222 0.0187500000 0.0131944444
0 0.7843750000 0.3652777778 0.1250000000 0.0375000000
0 0.8580078125 0.3531250000 0.0128906250 0.0104166667
0 0.5160156250 0.3590277778 0.0125000000 0.0055555556
0 0.4886718750 0.3697916667 0.0210937500 0.0131944444
0 0.3689453125 0.3739583333 0.0230468750 0.0173611111
0 0.5240234375 0.3732638889 0.0152343750 0.0131944444
0 0.5548828125 0.3743055556 0.0261718750 0.0138888889
0 0.6802734375 0.3736111111 0.0113281250 0.0097222222
0 0.4265625000 0.3781250000 0.0203125000 0.0159722222
0 0.4062500000 0.3878472222 0.0187500000 0.0090277778
0 0.6392578125 0.3888888889 0.0253906250 0.0125000000
0 0.5515625000 0.3979166667 0.0125000000 0.0111111111
0 0.9130859375 0.4093750000 0.0136718750 0.0104166667
0 0.6345703125 0.4163194444 0.0136718750 0.0076388889
0 0.8484375000 0.4437500000 0.0187500000 0.0152777778
0 0.9074218750 0.4579861111 0.0148437500 0.0104166667
0 0.6027343750 0.4687500000 0.0070312500 0.0055555556
0 0.7289062500 0.4680555556 0.0101562500 0.0041666667
0 0.4808593750 0.4708333333 0.0101562500 0.0069444444
0 0.8302734375 0.4795138889 0.0277343750 0.0118055556
0 0.8189453125 0.4944444444 0.0160156250 0.0111111111
0 0.8560546875 0.4968750000 0.0207031250 0.0062500000
