0 0.2238281250 0.1243055556 0.0109375000 0.0083333333
0 0.2476562500 0.1232638889 0.0101562500 0.0062500000
0 0.2710937500 0.1243055556 0.0156250000 0.0083333333
0 0.1599609375 0.1739583333 0.0082031250 0.0048611111
0 0.8585937500 0.2062500000 0.0335937500 0.0180555556
0 0.2349609375 0.2333333333 0.0425781250 0.0222222222
0 0.4931640625 0.2732638889 0.0183593750 0.0104166667
0 0.7980468750 0.3017361111 0.0273437500 0.0243055556
0 0.4173828125 0.3034722222 0.0269531250 0.0152777778
0 0.7419921875 0.3038194444 0.0175781250 0.0118055556
0 0.5228515625 0.3072916667 0.0207031250 0.0145833333
0 0.7072265625 0.3107638889 0.0144531250 0.0090277778
0 0.6947265625 0.3343750000 0.0183593750 0.0145833333
0 0.8605468750 0.3600694444 0.0132812500 0.0118055556
0 0.8208984375 0.3809027778 0.0089843750 0.0076388889
0 0.5255859375 0.4194444444 0.0246093750 0.0083333333
0 0.4601562500 0.4208333333 0.0078125000 0.0055555556
