0 0.2187500000 0.1222222222 0.0171875000 0.0041666667
0 0.2644531250 0.1809027778 0.0132812500 0.0118055556
0 0.8494140625 0.2319444444 0.0558593750 0.0208333333
0 0.2666015625 0.2416666667 0.0121093750 0.0041666667
0 0.4339843750 0.2489583333 0.0257812500 0.0131944444
0 0.2515625000 0.2520833333 0.0132812500 0.0097222222
0 0.3882812500 0.2600694444 0.0539062500 0.0270833333
0 0.8851562500 0.2611111111 0.0109375000 0.0083333333
0 0.2359375000 0.2618055556 0.0070312500 0.0041666667
0 0.2482421875 0.2729166667 0.0292968750 0.0166666667
0 0.8603515625 0.2822916667 0.0121093750 0.0104166667
0 0.8695312500 0.3104166667 0.0132812500 0.0083333333
0 0.7572265625 0.3149305556 0.0183593750 0.0131944444
0 0.8060546875 0.3246527778 0.0621093750 0.0340277778
0 0.8632812500 0.3246527778 0.0257812500 0.0201388889
0 0.5597656250 0.3406250000 0.0265625000 0.0131944444
0 0.5185546875 0.3534722222 0.0246093750 0.0166666667
0 0.8841796875 0.4013888889 0.0238281250 0.0152777778
0 0.8175781250 0.4277777778 0.0335937500 0.0125000000
0 0.8873046875 0.4527777778 0.0246093750 0.0152777778
