0 0.7527343750 0.2861111111 0.0101562500 0.0083333333
0 0.3109375000 0.2940972222 0.0242187500 0.0145833333
0 0.5427734375 0.2947916667 0.0191406250 0.0062500000
0 0.4916015625 0.2975694444 0.0636718750 0.0090277778
0 0.4216796875 0.3003472222 0.0378906250 0.0118055556
0 0.2554687500 0.3125000000 0.0671875000 0.0319444444
0 0.3804687500 0.3027777778 0.0093750000 0.0069444444
0 0.3968750000 0.3500000000 0.0140625000 0.0125000000
0 0.7148437500 0.3496527778 0.0117187500 0.0048611111
0 0.7738281250 0.3920138889 0.0867187500 0.0506944444
0 0.5210937500 0.3802083333 0.0132812500 0.0090277778
0 0.3429687500 0.3927083333 0.0406250000 0.0215277778
0 0.4386718750 0.4010416667 0.0515625000 0.0312500000
0 0.5597656250 0.3951388889 0.0218750000 0.0166666667
0 0.4791015625 0.3975694444 0.0105468750 0.0090277778
0 0.3953125000 0.4072916667 0.0289062500 0.0187500000
0 0.6388671875 0.4045138889 0.0160156250 0.0076388889
0 0.6695312500 0.4166666667 0.1078125000 0.0236111111
0 0.5369140625 0.4145833333 0.0308593750 0.0166666667
0 0.5750000000 0.4190972222 0.0203125000 0.0118055556
0 0.8693359375 0.4250000000 0.0300781250 0.0222222222
0 0.2847656250 0.4343750000 0.0148437500 0.0062500000
0 0.3220703125 0.4576388889 0.0136718750 0.0083333333
0 0.5421875000 0.4708333333 0.0343750000 0.0138888889
0 0.7710937500 0.4750000000 0.0117187500 0.0083333333
0 0.8468750000 0.4902777778 0.0148437500 0.0083333333
0 0.1941406250 0.4961805556 0.0132812500 0.0076388889
0 0.8679687500 0.4979166667 0.0101562500 0.0041666667
