0 0.8451171875 0.2868055556 0.0566406250 0.0138888889
0 0.6115234375 0.2909722222 0.0136718750 0.0055555556
0 0.4484375000 0.2972222222 0.0937500000 0.0152777778
0 0.5142578125 0.2940972222 0.0207031250 0.0090277778
0 0.3792968750 0.3006944444 0.0164062500 0.0125000000
0 0.2308593750 0.3045138889 0.0164062500 0.0104166667
0 0.3513671875 0.3045138889 0.0113281250 0.0090277778
0 0.4083984375 0.3614583333 0.0183593750 0.0159722222
0 0.4505859375 0.3673611111 0.0074218750 0.0055555556
0 0.3910156250 0.3854166667 0.0960937500 0.0375000000
0 0.5031250000 0.3850694444 0.0429687500 0.0298611111
0 0.7121093750 0.3840277778 0.0984375000 0.0277777778
0 0.4492187500 0.3784722222 0.0093750000 0.0083333333
0 0.6414062500 0.4010416667 0.0765625000 0.0395833333
0 0.5281250000 0.3906250000 0.0187500000 0.0145833333
0 0.5589843750 0.3940972222 0.0289062500 0.0159722222
0 0.4560546875 0.3944444444 0.0292968750 0.0125000000
0 0.2466796875 0.3940972222 0.0113281250 0.0062500000
0 0.4507812500 0.4111111111 0.0125000000 0.0111111111
0 0.5466796875 0.4173611111 0.0308593750 0.0138888889
0 0.8787109375 0.4510416667 0.0199218750 0.0131944444
