0 0.2439453125 0.2746527778 0.0082031250 0.0034722222
0 0.6800781250 0.3090277778 0.0312500000 0.0125000000
0 0.6076171875 0.3111111111 0.0871093750 0.0125000000
0 0.5255859375 0.3128472222 0.0199218750 0.0131944444
0 0.4470703125 0.3135416667 0.0144531250 0.0104166667
0 0.7226562500 0.3104166667 0.0109375000 0.0041666667
0 0.3058593750 0.3145833333 0.0195312500 0.0111111111
0 0.4748046875 0.3149305556 0.0222656250 0.0104166667
0 0.2732421875 0.3208333333 0.0308593750 0.0208333333
0 0.4056640625 0.3187500000 0.0074218750 0.0055555556
0 0.2251953125 0.3243055556 0.0128906250 0.0069444444
0 0.9039062500 0.3333333333 0.0132812500 0.0069444444
0 0.3720703125 0.3513888889 0.0152343750 0.0125000000
0 0.6625000000 0.3590277778 0.0226562500 0.0152777778
0 0.7908203125 0.4006944444 0.1566406250 0.0527777778
0 0.4171875000 0.3934027778 0.0593750000 0.0354166667
0 0.5089843750 0.4062500000 0.1507812500 0.0513888889
0 0.6095703125 0.3875000000 0.0160156250 0.0069444444
0 0.6517578125 0.4145833333 0.1011718750 0.0388888889
0 0.3734375000 0.4013888889 0.0179687500 0.0097222222
0 0.5292968750 0.4211805556 0.0101562500 0.0090277778
0 0.8966796875 0.4378472222 0.0121093750 0.0104166667
0 0.8841796875 0.4638888889 0.0167968750 0.0069444444
0 0.7369140625 0.4781250000 0.0191406250 0.0118055556
