0 0.8660156250 0.2986111111 0.0453125000 0.0111111111
0 0.9082031250 0.3024305556 0.0148437500 0.0104166667
0 0.2746093750 0.3170138889 0.1062500000 0.0340277778
0 0.4923828125 0.3093750000 0.0441406250 0.0173611111
0 0.5919921875 0.3065972222 0.0113281250 0.0048611111
0 0.8304687500 0.3579861111 0.0101562500 0.0062500000
0 0.7839843750 0.3770833333 0.0351562500 0.0236111111
0 0.4619140625 0.3902777778 0.1675781250 0.0388888889
0 0.8193359375 0.3965277778 0.0550781250 0.0430555556
0 0.6906250000 0.3840277778 0.0078125000 0.0055555556
0 0.5748046875 0.3972222222 0.0464843750 0.0180555556
0 0.7644531250 0.4045138889 0.0343750000 0.0229166667
0 0.7326171875 0.4031250000 0.0105468750 0.0090277778
0 0.6103515625 0.4125000000 0.0285156250 0.0194444444
0 0.6720703125 0.4090277778 0.0269531250 0.0111111111
0 0.4787109375 0.4170138889 0.0238281250 0.0201388889
0 0.7349609375 0.4194444444 0.0199218750 0.0125000000
0 0.4523437500 0.4208333333 0.0125000000 0.0097222222
0 0.6841796875 0.4201388889 0.0136718750 0.0083333333
0 0.5328125000 0.4267361111 0.0242187500 0.0104166667
0 0.5007812500 0.4295138889 0.0203125000 0.0131944444
0 0.5656250000 0.4340277778 0.0101562500 0.0083333333
0 0.8662109375 0.4836805556 0.0261718750 0.0173611111
0 0.8384765625 0.4812500000 0.0113281250 0.0041666667
0 0.8097656250 0.4836805556 0.0109375000 0.0048611111
