0 0.1230468750 0.1531250000 0.0226562500 0.0173611111
0 0.2105468750 0.1513888889 0.0117187500 0.0069444444
0 0.8472656250 0.3364583333 0.0164062500 0.0131944444
0 0.4449218750 0.3465277778 0.0492187500 0.0097222222
0 0.5306640625 0.3440972222 0.0074218750 0.0062500000
0 0.4982421875 0.3451388889 0.0136718750 0.0055555556
0 0.3871093750 0.3500000000 0.0125000000 0.0069444444
0 0.2207031250 0.3673611111 0.0109375000 0.0069444444
0 0.4146484375 0.4281250000 0.0269531250 0.0159722222
0 0.7781250000 0.4461805556 0.1203125000 0.0506944444
0 0.3808593750 0.4305555556 0.0257812500 0.0166666667
0 0.3376953125 0.4343750000 0.0261718750 0.0215277778
0 0.5197265625 0.4381944444 0.0246093750 0.0111111111
0 0.5994140625 0.4493055556 0.0277343750 0.0180555556
0 0.4847656250 0.4611111111 0.1593750000 0.0402777778
0 0.6451171875 0.4444444444 0.0175781250 0.0069444444
0 0.6492187500 0.4618055556 0.0984375000 0.0319444444
