0 0.2082031250 0.2059027778 0.0585937500 0.0298611111
0 0.8833984375 0.3739583333 0.0621093750 0.0187500000
0 0.5585937500 0.3750000000 0.0359375000 0.0125000000
0 0.3277343750 0.3756944444 0.0296875000 0.0097222222
0 0.4654296875 0.4156250000 0.0910156250 0.0368055556
0 0.6548828125 0.4142361111 0.0394531250 0.0326388889
0 0.7785156250 0.4062500000 0.0296875000 0.0152777778
0 0.8101562500 0.4166666667 0.0421875000 0.0361111111
0 0.5345703125 0.4284722222 0.0332031250 0.0236111111
0 0.5939453125 0.4305555556 0.0082031250 0.0069444444
0 0.5818359375 0.4413194444 0.0121093750 0.0062500000
0 0.7177734375 0.4656250000 0.1019531250 0.0354166667
0 0.7851562500 0.4677083333 0.0484375000 0.0395833333
0 0.4472656250 0.4670138889 0.0640625000 0.0298611111
0 0.6312500000 0.4729166667 0.0390625000 0.0333333333
0 0.5345703125 0.4795138889 0.1175781250 0.0229166667
0 0.6505859375 0.4777777778 0.0207031250 0.0138888889
0 0.8189453125 0.4750000000 0.0097656250 0.0083333333
