0 0.0978515625 0.1260416667 0.0355468750 0.0118055556
0 0.2101562500 0.2572916667 0.1148437500 0.0395833333
0 0.4316406250 0.2555555556 0.2312500000 0.0333333333
0 0.5714843750 0.2489583333 0.0242187500 0.0090277778
0 0.4625000000 0.3715277778 0.0093750000 0.0041666667
0 0.7027343750 0.4090277778 0.0648437500 0.0250000000
0 0.7796875000 0.4055555556 0.0406250000 0.0180555556
0 0.6027343750 0.4180555556 0.0140625000 0.0111111111
0 0.6324218750 0.4170138889 0.0132812500 0.0090277778
0 0.5572265625 0.4204861111 0.0542968750 0.0145833333
0 0.2958984375 0.4243055556 0.0839843750 0.0194444444
0 0.4744140625 0.4204861111 0.0230468750 0.0076388889
0 0.4044921875 0.4253472222 0.0300781250 0.0076388889
0 0.4871093750 0.4656250000 0.2734375000 0.0576388889
0 0.6480468750 0.4628472222 0.0398437500 0.0326388889
0 0.8111328125 0.4708333333 0.0691406250 0.0486111111
0 0.6964843750 0.4697916667 0.0601562500 0.0437500000
0 0.7210937500 0.4920138889 0.0343750000 0.0159722222
0 0.8234375000 0.4947916667 0.0117187500 0.0104166667
0 0.6828125000 0.4958333333 0.0101562500 0.0083333333
0 0.4001953125 0.4979166667 0.0105468750 0.0041666667
0 0.7615234375 0.4975694444 0.0183593750 0.0048611111
0 0.7951171875 0.4975694444 0.0074218750 0.0048611111
