0 0.2386718750 0.1243055556 0.0421875000 0.0083333333
0 0.3089843750 0.1239583333 0.0125000000 0.0076388889
0 0.3449218750 0.1225694444 0.0109375000 0.0048611111
0 0.8314453125 0.2177083333 0.0175781250 0.0104166667
0 0.8650390625 0.2197916667 0.0269531250 0.0145833333
0 0.4312500000 0.2350694444 0.0218750000 0.0145833333
0 0.2404296875 0.2614583333 0.0191406250 0.0118055556
0 0.5013671875 0.3013888889 0.0175781250 0.0111111111
0 0.7341796875 0.3187500000 0.0605468750 0.0416666667
0 0.8365234375 0.3187500000 0.1175781250 0.0402777778
0 0.4267578125 0.3177083333 0.0144531250 0.0118055556
0 0.5695312500 0.3232638889 0.0070312500 0.0062500000
0 0.4839843750 0.3354166667 0.0367187500 0.0277777778
0 0.3994140625 0.3267361111 0.0128906250 0.0076388889
0 0.5503906250 0.3267361111 0.0140625000 0.0076388889
0 0.5898437500 0.3267361111 0.0085937500 0.0076388889
0 0.4453125000 0.3350694444 0.0140625000 0.0104166667
0 0.5181640625 0.3420138889 0.0261718750 0.0187500000
0 0.5263671875 0.4302083333 0.0152343750 0.0076388889
