0 0.7779296875 0.3232638889 0.0308593750 0.0131944444
0 0.6458984375 0.3274305556 0.0449218750 0.0131944444
0 0.3683593750 0.3263888889 0.0203125000 0.0055555556
0 0.5205078125 0.3288194444 0.0464843750 0.0104166667
0 0.6820312500 0.3263888889 0.0085937500 0.0055555556
0 0.8636718750 0.3309027778 0.0351562500 0.0145833333
0 0.2925781250 0.3371527778 0.0578125000 0.0215277778
0 0.4689453125 0.3333333333 0.0308593750 0.0152777778
0 0.4035156250 0.3368055556 0.0484375000 0.0166666667
0 0.2474609375 0.3500000000 0.0246093750 0.0180555556
0 0.4941406250 0.3673611111 0.0273437500 0.0138888889
0 0.6242187500 0.3649305556 0.0132812500 0.0076388889
0 0.3707031250 0.3770833333 0.0484375000 0.0291666667
0 0.5535156250 0.3729166667 0.0335937500 0.0194444444
0 0.8175781250 0.3815972222 0.0609375000 0.0354166667
0 0.4287109375 0.3885416667 0.0300781250 0.0131944444
0 0.6171875000 0.3961805556 0.0273437500 0.0243055556
0 0.7269531250 0.3892361111 0.0132812500 0.0048611111
0 0.7515625000 0.3972222222 0.0062500000 0.0055555556
0 0.5417968750 0.4069444444 0.0312500000 0.0166666667
0 0.6677734375 0.4239583333 0.0753906250 0.0479166667
0 0.7886718750 0.4107638889 0.0242187500 0.0187500000
0 0.3767578125 0.4142361111 0.0402343750 0.0243055556
0 0.4824218750 0.4072916667 0.0148437500 0.0090277778
0 0.7462890625 0.4239583333 0.0605468750 0.0423611111
0 0.4130859375 0.4086805556 0.0082031250 0.0062500000
0 0.5876953125 0.4190972222 0.0519531250 0.0270833333
0 0.4816406250 0.4302083333 0.1468750000 0.0312500000
0 0.8244140625 0.4322916667 0.0519531250 0.0326388889
0 0.3884765625 0.4375000000 0.0550781250 0.0208333333
0 0.1826171875 0.4326388889 0.0113281250 0.0069444444
0 0.1855468750 0.4399305556 0.0203125000 0.0076388889
0 0.4851562500 0.4482638889 0.0593750000 0.0229166667
0 0.5281250000 0.4642361111 0.0117187500 0.0104166667
0 0.4810546875 0.4871527778 0.0089843750 0.0048611111
0 0.9005859375 0.4961805556 0.0386718750 0.0076388889
