0 0.2417968750 0.1229166667 0.0078125000 0.0055555556
0 0.2843750000 0.1232638889 0.0078125000 0.0062500000
0 0.1996093750 0.2069444444 0.0117187500 0.0055555556
0 0.8525390625 0.2152777778 0.0449218750 0.0138888889
0 0.4242187500 0.2420138889 0.0296875000 0.0159722222
0 0.2591796875 0.2479166667 0.0128906250 0.0097222222
0 0.8769531250 0.2864583333 0.0203125000 0.0076388889
0 0.6308593750 0.3194444444 0.0148437500 0.0111111111
0 0.8906250000 0.3197916667 0.0132812500 0.0090277778
0 0.6964843750 0.3288194444 0.0210937500 0.0173611111
0 0.8636718750 0.3503472222 0.0367187500 0.0229166667
0 0.8427734375 0.3666666667 0.0214843750 0.0097222222
0 0.2158203125 0.3704861111 0.0144531250 0.0090277778
0 0.8314453125 0.4142361111 0.0261718750 0.0173611111
0 0.7904296875 0.4274305556 0.0089843750 0.0062500000
0 0.2837890625 0.4343750000 0.0144531250 0.0118055556
0 0.8337890625 0.4531250000 0.0105468750 0.0062500000
0 0.7777343750 0.4579861111 0.0132812500 0.0104166667
0 0.8587890625 0.4569444444 0.0199218750 0.0097222222
0 0.4900390625 0.4979166667 0.0105468750 0.0041666667
