0 0.4751953125 0.3121527778 0.0144531250 0.0076388889
0 0.2437500000 0.3385416667 0.0148437500 0.0131944444
0 0.6636718750 0.3756944444 0.0195312500 0.0083333333
0 0.7201171875 0.3871527778 0.0160156250 0.0118055556
0 0.7609375000 0.3989583333 0.0187500000 0.0159722222
0 0.1878906250 0.3979166667 0.0101562500 0.0083333333
0 0.7167968750 0.4072916667 0.0070312500 0.0062500000
0 0.6587890625 0.4118055556 0.0160156250 0.0083333333
0 0.6849609375 0.4128472222 0.0074218750 0.0062500000
0 0.7673828125 0.4194444444 0.0066406250 0.0055555556
0 0.7695312500 0.4340277778 0.0070312500 0.0055555556
0 0.8933593750 0.4409722222 0.0156250000 0.0097222222
0 0.8472656250 0.4736111111 0.0257812500 0.0125000000
0 0.6865234375 0.4788194444 0.0113281250 0.0076388889
0 0.2972656250 0.4822916667 0.0164062500 0.0076388889
0 0.8789062500 0.4927083333 0.0367187500 0.0145833333
0 0.8218750000 0.4913194444 0.0101562500 0.0090277778
