0 0.8890625000 0.3197916667 0.0617187500 0.0215277778
0 0.5218750000 0.3222222222 0.0851562500 0.0180555556
0 0.4414062500 0.3256944444 0.0179687500 0.0152777778
0 0.5820312500 0.3201388889 0.0148437500 0.0055555556
0 0.2539062500 0.3357638889 0.0320312500 0.0131944444
0 0.3345703125 0.3559027778 0.0355468750 0.0229166667
0 0.8132812500 0.3576388889 0.0757812500 0.0236111111
0 0.4099609375 0.3559027778 0.0386718750 0.0187500000
0 0.7144531250 0.3552083333 0.0101562500 0.0076388889
0 0.4371093750 0.3569444444 0.0101562500 0.0083333333
0 0.8638671875 0.3562500000 0.0074218750 0.0055555556
0 0.4341796875 0.3725694444 0.0183593750 0.0145833333
0 0.5375000000 0.3760416667 0.0375000000 0.0201388889
0 0.6007812500 0.3854166667 0.0218750000 0.0180555556
0 0.8035156250 0.4128472222 0.0679687500 0.0368055556
0 0.4679687500 0.4027777778 0.0210937500 0.0125000000
0 0.5486328125 0.4149305556 0.0253906250 0.0187500000
0 0.4052734375 0.4173611111 0.0769531250 0.0180555556
0 0.4591796875 0.4194444444 0.0082031250 0.0069444444
0 0.5125000000 0.4232638889 0.0281250000 0.0145833333
0 0.8855468750 0.4375000000 0.0117187500 0.0069444444
0 0.9136718750 0.4399305556 0.0125000000 0.0062500000
0 0.4615234375 0.4447916667 0.0105468750 0.0048611111
0 0.6833984375 0.4493055556 0.0144531250 0.0097222222
0 0.8988281250 0.4496527778 0.0093750000 0.0076388889
0 0.8896484375 0.4732638889 0.0605468750 0.0326388889
0 0.8572265625 0.4937500000 0.0113281250 0.0069444444
0 0.8847656250 0.4951388889 0.0226562500 0.0097222222
0 0.8421875000 0.4961805556 0.0093750000 0.0076388889
