0 0.8345703125 0.3250000000 0.0199218750 0.0097222222
0 0.6650390625 0.3357638889 0.0441406250 0.0187500000
0 0.5119140625 0.3361111111 0.0675781250 0.0125000000
0 0.2958984375 0.3361111111 0.0089843750 0.0069444444
0 0.4587890625 0.3406250000 0.0207031250 0.0145833333
0 0.2562500000 0.3475694444 0.0625000000 0.0256944444
0 0.4207031250 0.3385416667 0.0125000000 0.0062500000
0 0.5808593750 0.3437500000 0.0164062500 0.0138888889
0 0.5505859375 0.3638888889 0.0222656250 0.0166666667
0 0.4734375000 0.3656250000 0.0171875000 0.0145833333
0 0.7783203125 0.3652777778 0.0222656250 0.0097222222
0 0.4289062500 0.3736111111 0.0390625000 0.0222222222
0 0.5029296875 0.3798611111 0.0355468750 0.0166666667
0 0.6554687500 0.3815972222 0.0164062500 0.0118055556
0 0.4537109375 0.3878472222 0.0089843750 0.0076388889
0 0.6458984375 0.4020833333 0.0089843750 0.0069444444
0 0.4044921875 0.4097222222 0.0269531250 0.0138888889
0 0.5511718750 0.4118055556 0.0203125000 0.0111111111
0 0.4517578125 0.4163194444 0.0292968750 0.0145833333
0 0.6478515625 0.4118055556 0.0082031250 0.0055555556
0 0.7796875000 0.4135416667 0.0117187500 0.0076388889
0 0.8564453125 0.4274305556 0.0425781250 0.0298611111
0 0.4814453125 0.4243055556 0.0207031250 0.0180555556
0 0.3781250000 0.4236111111 0.0187500000 0.0125000000
0 0.5693359375 0.4232638889 0.0105468750 0.0090277778
0 0.7703125000 0.4357638889 0.0593750000 0.0326388889
0 0.6384765625 0.4246527778 0.0144531250 0.0076388889
0 0.7107421875 0.4329861111 0.0722656250 0.0256944444
0 0.4335937500 0.4368055556 0.0281250000 0.0222222222
0 0.4001953125 0.4378472222 0.0253906250 0.0131944444
0 0.4880859375 0.4434027778 0.0699218750 0.0215277778
0 0.6419921875 0.4413194444 0.0183593750 0.0159722222
0 0.6140625000 0.4524305556 0.0632812500 0.0354166667
0 0.6626953125 0.4437500000 0.0089843750 0.0069444444
0 0.7148437500 0.4500000000 0.0070312500 0.0055555556
0 0.5476562500 0.4600694444 0.0484375000 0.0159722222
0 0.8873046875 0.4885416667 0.0277343750 0.0229166667
0 0.8550781250 0.4968750000 0.0109375000 0.0062500000
