0 0.8886718750 0.2802083333 0.0625000000 0.0159722222
0 0.3210937500 0.2857638889 0.0179687500 0.0062500000
0 0.2830078125 0.2888888889 0.0113281250 0.0055555556
0 0.4771484375 0.2916666667 0.0144531250 0.0111111111
0 0.2595703125 0.2940972222 0.0191406250 0.0131944444
0 0.4162109375 0.2937500000 0.0136718750 0.0111111111
0 0.3769531250 0.3041666667 0.0367187500 0.0194444444
0 0.2644531250 0.3045138889 0.0164062500 0.0090277778
0 0.2380859375 0.3475694444 0.0160156250 0.0131944444
0 0.7041015625 0.3628472222 0.0683593750 0.0243055556
0 0.8027343750 0.3604166667 0.0195312500 0.0111111111
0 0.8167968750 0.3788194444 0.0507812500 0.0229166667
0 0.5888671875 0.3833333333 0.0410156250 0.0291666667
0 0.5537109375 0.3753472222 0.0214843750 0.0104166667
0 0.4617187500 0.3833333333 0.0210937500 0.0097222222
0 0.5013671875 0.3826388889 0.0105468750 0.0083333333
0 0.6623046875 0.3878472222 0.0183593750 0.0145833333
0 0.8658203125 0.4381944444 0.0121093750 0.0083333333
0 0.8726562500 0.4666666667 0.0312500000 0.0152777778
0 0.8679687500 0.4836805556 0.0101562500 0.0076388889
