0 0.7894531250 0.2722222222 0.0179687500 0.0138888889
0 0.8607421875 0.2750000000 0.0589843750 0.0194444444
0 0.4578125000 0.2864583333 0.0156250000 0.0076388889
0 0.4281250000 0.2888888889 0.0257812500 0.0097222222
0 0.3804687500 0.2909722222 0.0203125000 0.0111111111
0 0.2488281250 0.2927083333 0.0125000000 0.0104166667
0 0.2136718750 0.3065972222 0.0242187500 0.0159722222
0 0.3162109375 0.3562500000 0.0128906250 0.0069444444
0 0.8023437500 0.3562500000 0.0085937500 0.0055555556
0 0.6468750000 0.3628472222 0.0148437500 0.0090277778
0 0.7750000000 0.3822916667 0.1335937500 0.0465277778
0 0.8773437500 0.3916666667 0.0851562500 0.0625000000
0 0.3763671875 0.3729166667 0.0261718750 0.0111111111
0 0.5177734375 0.3753472222 0.0253906250 0.0131944444
0 0.2353515625 0.3888888889 0.0394531250 0.0291666667
0 0.4410156250 0.3826388889 0.0140625000 0.0125000000
0 0.4146484375 0.3805555556 0.0082031250 0.0055555556
0 0.5933593750 0.3868055556 0.0070312500 0.0055555556
0 0.4380859375 0.4017361111 0.1480468750 0.0312500000
0 0.5525390625 0.3906250000 0.0214843750 0.0104166667
0 0.5494140625 0.4048611111 0.0550781250 0.0180555556
0 0.6033203125 0.4017361111 0.0238281250 0.0104166667
0 0.6423828125 0.4125000000 0.0371093750 0.0319444444
0 0.6847656250 0.4111111111 0.0242187500 0.0166666667
0 0.2328125000 0.4083333333 0.0117187500 0.0069444444
0 0.8529296875 0.4291666667 0.0183593750 0.0138888889
0 0.8880859375 0.4357638889 0.0105468750 0.0062500000
0 0.2601562500 0.4392361111 0.0140625000 0.0090277778
0 0.2347656250 0.4409722222 0.0132812500 0.0083333333
0 0.4906250000 0.4649305556 0.0250000000 0.0076388889
0 0.7109375000 0.4715277778 0.0156250000 0.0125000000
0 0.8992187500 0.4750000000 0.0078125000 0.0055555556
0 0.5744140625 0.4777777778 0.0136718750 0.0069444444
0 0.2810546875 0.4881944444 0.0082031250 0.0069444444
0 0.8927734375 0.4972222222 0.0074218750 0.0055555556
