0 0.8798828125 0.3142361111 0.0222656250 0.0131944444
0 0.9099609375 0.3170138889 0.0199218750 0.0159722222
0 0.2929687500 0.3291666667 0.1171875000 0.0347222222
0 0.4601562500 0.3329861111 0.0289062500 0.0201388889
0 0.3683593750 0.3503472222 0.0929687500 0.0479166667
0 0.2425781250 0.3760416667 0.0085937500 0.0076388889
0 0.6283203125 0.4138888889 0.0308593750 0.0194444444
0 0.2294921875 0.4184027778 0.0105468750 0.0034722222
0 0.8548828125 0.4472222222 0.0300781250 0.0111111111
0 0.8166015625 0.4576388889 0.0191406250 0.0097222222
0 0.4703125000 0.4631944444 0.0242187500 0.0083333333
0 0.8500000000 0.4833333333 0.0398437500 0.0166666667
0 0.5179687500 0.4809027778 0.0140625000 0.0062500000
