0 0.2685546875 0.2972222222 0.0144531250 0.0083333333
0 0.4628906250 0.3100694444 0.0765625000 0.0215277778
0 0.4117187500 0.3114583333 0.0093750000 0.0076388889
0 0.3992187500 0.3340277778 0.0234375000 0.0152777778
0 0.1955078125 0.3444444444 0.0144531250 0.0069444444
0 0.6656250000 0.3635416667 0.0234375000 0.0187500000
0 0.7666015625 0.3871527778 0.0292968750 0.0229166667
0 0.1845703125 0.3888888889 0.0160156250 0.0097222222
0 0.2082031250 0.4000000000 0.0125000000 0.0055555556
0 0.6316406250 0.4090277778 0.0351562500 0.0208333333
0 0.9099609375 0.4190972222 0.0199218750 0.0145833333
0 0.8304687500 0.4201388889 0.0109375000 0.0097222222
0 0.7757812500 0.4288194444 0.0210937500 0.0145833333
0 0.8294921875 0.4371527778 0.0128906250 0.0076388889
0 0.8146484375 0.4437500000 0.0097656250 0.0055555556
0 0.9000000000 0.4506944444 0.0125000000 0.0083333333
0 0.8900390625 0.4802083333 0.0597656250 0.0395833333
0 0.2964843750 0.4756944444 0.0328125000 0.0125000000
0 0.8238281250 0.4826388889 0.0140625000 0.0097222222
