0 0.8466796875 0.2722222222 0.0480468750 0.0194444444
0 0.7996093750 0.2732638889 0.0210937500 0.0104166667
0 0.2970703125 0.2847222222 0.0238281250 0.0152777778
0 0.3847656250 0.2909722222 0.0460937500 0.0125000000
0 0.4849609375 0.2892361111 0.0300781250 0.0104166667
0 0.4507812500 0.2888888889 0.0210937500 0.0069444444
0 0.4212890625 0.2916666667 0.0105468750 0.0069444444
0 0.2500000000 0.3041666667 0.0445312500 0.0263888889
0 0.2105468750 0.3517361111 0.0125000000 0.0076388889
0 0.8498046875 0.3743055556 0.0761718750 0.0527777778
0 0.7324218750 0.3677083333 0.0312500000 0.0256944444
0 0.7640625000 0.3642361111 0.0125000000 0.0076388889
0 0.3310546875 0.3826388889 0.0363281250 0.0222222222
0 0.5544921875 0.3850694444 0.0386718750 0.0173611111
0 0.6501953125 0.3815972222 0.0160156250 0.0104166667
0 0.4658203125 0.3875000000 0.0121093750 0.0083333333
0 0.4837890625 0.3916666667 0.0316406250 0.0180555556
0 0.6138671875 0.3881944444 0.0191406250 0.0111111111
0 0.6916015625 0.3895833333 0.0175781250 0.0125000000
0 0.7474609375 0.3885416667 0.0121093750 0.0048611111
0 0.4035156250 0.3975694444 0.0445312500 0.0187500000
0 0.5236328125 0.4017361111 0.0128906250 0.0090277778
0 0.6572265625 0.4083333333 0.0394531250 0.0097222222
0 0.6166015625 0.4131944444 0.0253906250 0.0152777778
0 0.8603515625 0.4208333333 0.0238281250 0.0166666667
0 0.2736328125 0.4246527778 0.0121093750 0.0076388889
0 0.8480468750 0.4510416667 0.0187500000 0.0118055556
0 0.5351562500 0.4642361111 0.0195312500 0.0062500000
0 0.4669921875 0.4763888889 0.0667968750 0.0166666667
0 0.8914062500 0.4732638889 0.0156250000 0.0104166667
0 0.8386718750 0.4802083333 0.0328125000 0.0090277778
0 0.8582031250 0.4909722222 0.0195312500 0.0097222222
0 0.1937500000 0.4954861111 0.0164062500 0.0090277778
