0 0.7908203125 0.2795138889 0.0253906250 0.0145833333
0 0.8777343750 0.2864583333 0.0843750000 0.0298611111
0 0.2904296875 0.2892361111 0.0097656250 0.0062500000
0 0.4435546875 0.2972222222 0.0082031250 0.0055555556
0 0.2558593750 0.3013888889 0.0117187500 0.0055555556
0 0.2316406250 0.3159722222 0.0390625000 0.0152777778
0 0.2712890625 0.3638888889 0.0160156250 0.0055555556
0 0.8062500000 0.3826388889 0.0859375000 0.0416666667
0 0.3537109375 0.3833333333 0.0316406250 0.0152777778
0 0.4595703125 0.3895833333 0.0355468750 0.0180555556
0 0.5220703125 0.3850694444 0.0199218750 0.0104166667
0 0.7041015625 0.3881944444 0.0144531250 0.0111111111
0 0.4919921875 0.4013888889 0.0410156250 0.0138888889
0 0.2384765625 0.4034722222 0.0269531250 0.0152777778
0 0.5406250000 0.4038194444 0.0179687500 0.0145833333
0 0.6937500000 0.4093750000 0.0148437500 0.0131944444
0 0.8589843750 0.4361111111 0.0210937500 0.0125000000
0 0.2656250000 0.4475694444 0.0132812500 0.0090277778
0 0.2406250000 0.4496527778 0.0148437500 0.0076388889
0 0.8281250000 0.4652777778 0.0742187500 0.0277777778
