0 0.1164062500 0.1371527778 0.0117187500 0.0090277778
0 0.5333984375 0.2642361111 0.0105468750 0.0062500000
0 0.4763671875 0.2708333333 0.0160156250 0.0111111111
0 0.5033203125 0.2697916667 0.0121093750 0.0104166667
0 0.4197265625 0.2795138889 0.0292968750 0.0201388889
0 0.2390625000 0.2864583333 0.0195312500 0.0173611111
0 0.5341796875 0.3329861111 0.0417968750 0.0201388889
0 0.8759765625 0.3260416667 0.0199218750 0.0062500000
0 0.6337890625 0.3583333333 0.0292968750 0.0125000000
0 0.5525390625 0.3625000000 0.0128906250 0.0097222222
0 0.2292968750 0.3649305556 0.0101562500 0.0090277778
0 0.6927734375 0.3694444444 0.0261718750 0.0152777778
0 0.8589843750 0.3913194444 0.0312500000 0.0270833333
0 0.2193359375 0.3822916667 0.0113281250 0.0062500000
0 0.8412109375 0.4069444444 0.0207031250 0.0083333333
0 0.8560546875 0.4263888889 0.0277343750 0.0138888889
0 0.8054687500 0.4329861111 0.0132812500 0.0118055556
0 0.8400390625 0.4555555556 0.0449218750 0.0222222222
0 0.8839843750 0.4631944444 0.0226562500 0.0194444444
0 0.8173828125 0.4649305556 0.0144531250 0.0062500000
0 0.7089843750 0.4673611111 0.0093750000 0.0083333333
0 0.7970703125 0.4666666667 0.0113281250 0.0069444444
0 0.4998046875 0.4697916667 0.0121093750 0.0048611111
0 0.5404296875 0.4711805556 0.0074218750 0.0062500000
0 0.4644531250 0.4763888889 0.0250000000 0.0152777778
0 0.1416015625 0.4829861111 0.0144531250 0.0090277778
0 0.8326171875 0.4930555556 0.0113281250 0.0055555556
0 0.8574218750 0.4951388889 0.0195312500 0.0097222222
0 0.7435546875 0.4958333333 0.0183593750 0.0083333333
0 0.7769531250 0.4958333333 0.0125000000 0.0083333333
